(kicad_pcb (version 20171130) (host pcbnew "(5.1.10-1-10_14)")

  (general
    (thickness 1.6002)
    (drawings 5)
    (tracks 61)
    (zones 0)
    (modules 13)
    (nets 15)
  )

  (page A4)
  (title_block
    (title "6502 SBC Expansion - Controller")
    (date 2021-11-10)
    (rev 2.0)
  )

  (layers
    (0 F.Cu signal)
    (31 B.Cu signal)
    (36 B.SilkS user)
    (37 F.SilkS user)
    (38 B.Mask user)
    (39 F.Mask user)
    (40 Dwgs.User user)
    (41 Cmts.User user)
    (42 Eco1.User user)
    (43 Eco2.User user)
    (44 Edge.Cuts user)
    (45 Margin user)
    (46 B.CrtYd user)
    (47 F.CrtYd user)
    (48 B.Fab user)
    (49 F.Fab user)
  )

  (setup
    (last_trace_width 0.1524)
    (trace_clearance 0.1524)
    (zone_clearance 0.508)
    (zone_45_only no)
    (trace_min 0.1524)
    (via_size 0.508)
    (via_drill 0.254)
    (via_min_size 0.508)
    (via_min_drill 0.254)
    (uvia_size 0.508)
    (uvia_drill 0.254)
    (uvias_allowed no)
    (uvia_min_size 0.508)
    (uvia_min_drill 0.254)
    (edge_width 0.05)
    (segment_width 0.2)
    (pcb_text_width 0.254)
    (pcb_text_size 1.524 1.524)
    (mod_edge_width 0.12)
    (mod_text_size 0.762 0.762)
    (mod_text_width 0.127)
    (pad_size 1.524 1.524)
    (pad_drill 0.762)
    (pad_to_mask_clearance 0.0508)
    (aux_axis_origin 0 0)
    (visible_elements 7FFFFFFF)
    (pcbplotparams
      (layerselection 0x010fc_ffffffff)
      (usegerberextensions false)
      (usegerberattributes false)
      (usegerberadvancedattributes false)
      (creategerberjobfile false)
      (excludeedgelayer true)
      (linewidth 0.100000)
      (plotframeref false)
      (viasonmask false)
      (mode 1)
      (useauxorigin false)
      (hpglpennumber 1)
      (hpglpenspeed 20)
      (hpglpendiameter 15.000000)
      (psnegative false)
      (psa4output false)
      (plotreference true)
      (plotvalue true)
      (plotinvisibletext false)
      (padsonsilk false)
      (subtractmaskfromsilk false)
      (outputformat 1)
      (mirror false)
      (drillshape 1)
      (scaleselection 1)
      (outputdirectory ""))
  )

  (net 0 "")
  (net 1 GND)
  (net 2 +5V)
  (net 3 "Net-(J1-Pad3)")
  (net 4 "Net-(J1-Pad4)")
  (net 5 "Net-(J1-Pad5)")
  (net 6 "Net-(J1-Pad6)")
  (net 7 "Net-(J1-Pad7)")
  (net 8 "Net-(J1-Pad8)")
  (net 9 "Net-(J1-Pad9)")
  (net 10 "Net-(J1-Pad11)")
  (net 11 "Net-(J1-Pad12)")
  (net 12 "Net-(J1-Pad13)")
  (net 13 "Net-(J1-Pad15)")
  (net 14 "Net-(J1-Pad10)")

  (net_class Default "This is the default net class."
    (clearance 0.1524)
    (trace_width 0.1524)
    (via_dia 0.508)
    (via_drill 0.254)
    (uvia_dia 0.508)
    (uvia_drill 0.254)
    (diff_pair_width 0.1524)
    (diff_pair_gap 0.1524)
    (add_net "Net-(J1-Pad10)")
    (add_net "Net-(J1-Pad11)")
    (add_net "Net-(J1-Pad12)")
    (add_net "Net-(J1-Pad13)")
    (add_net "Net-(J1-Pad15)")
    (add_net "Net-(J1-Pad3)")
    (add_net "Net-(J1-Pad4)")
    (add_net "Net-(J1-Pad5)")
    (add_net "Net-(J1-Pad6)")
    (add_net "Net-(J1-Pad7)")
    (add_net "Net-(J1-Pad8)")
    (add_net "Net-(J1-Pad9)")
  )

  (net_class Power ""
    (clearance 0.1524)
    (trace_width 0.4572)
    (via_dia 0.508)
    (via_drill 0.254)
    (uvia_dia 0.508)
    (uvia_drill 0.254)
    (diff_pair_width 0.1524)
    (diff_pair_gap 0.1524)
    (add_net +5V)
    (add_net GND)
  )

  (module mount:MountingHole_2.2mm_M2_Pad (layer F.Cu) (tedit 56D1B4CB) (tstamp 618B7B6E)
    (at 76.835 88.265)
    (descr "Mounting Hole 2.2mm, M2")
    (tags "mounting hole 2.2mm m2")
    (attr virtual)
    (fp_text reference M2 (at 0 -3.2) (layer F.Fab)
      (effects (font (size 1 1) (thickness 0.15)))
    )
    (fp_text value M2 (at 0 3.2) (layer F.Fab)
      (effects (font (size 1 1) (thickness 0.15)))
    )
    (fp_circle (center 0 0) (end 2.45 0) (layer F.CrtYd) (width 0.05))
    (fp_circle (center 0 0) (end 2.2 0) (layer Cmts.User) (width 0.15))
    (fp_text user %R (at 0.3 0) (layer F.Fab)
      (effects (font (size 1 1) (thickness 0.15)))
    )
    (pad 1 thru_hole circle (at 0 0) (size 4.4 4.4) (drill 2.2) (layers *.Cu *.Mask))
  )

  (module mount:MountingHole_2.2mm_M2_Pad (layer F.Cu) (tedit 56D1B4CB) (tstamp 618B7C90)
    (at 151.765 70.485)
    (descr "Mounting Hole 2.2mm, M2")
    (tags "mounting hole 2.2mm m2")
    (attr virtual)
    (fp_text reference M4 (at 0 -3.2) (layer F.Fab)
      (effects (font (size 1 1) (thickness 0.15)))
    )
    (fp_text value M2 (at 0 3.2) (layer F.Fab)
      (effects (font (size 1 1) (thickness 0.15)))
    )
    (fp_circle (center 0 0) (end 2.45 0) (layer F.CrtYd) (width 0.05))
    (fp_circle (center 0 0) (end 2.2 0) (layer Cmts.User) (width 0.15))
    (fp_text user %R (at 0.3 0) (layer F.Fab)
      (effects (font (size 1 1) (thickness 0.15)))
    )
    (pad 1 thru_hole circle (at 0 0) (size 4.4 4.4) (drill 2.2) (layers *.Cu *.Mask))
  )

  (module mount:MountingHole_2.2mm_M2_Pad (layer F.Cu) (tedit 56D1B4CB) (tstamp 618B7B09)
    (at 151.765 88.265)
    (descr "Mounting Hole 2.2mm, M2")
    (tags "mounting hole 2.2mm m2")
    (attr virtual)
    (fp_text reference M3 (at 0 -3.2) (layer F.Fab)
      (effects (font (size 1 1) (thickness 0.15)))
    )
    (fp_text value M2 (at 0 3.2) (layer F.Fab)
      (effects (font (size 1 1) (thickness 0.15)))
    )
    (fp_circle (center 0 0) (end 2.45 0) (layer F.CrtYd) (width 0.05))
    (fp_circle (center 0 0) (end 2.2 0) (layer Cmts.User) (width 0.15))
    (fp_text user %R (at 0.3 0) (layer F.Fab)
      (effects (font (size 1 1) (thickness 0.15)))
    )
    (pad 1 thru_hole circle (at 0 0) (size 4.4 4.4) (drill 2.2) (layers *.Cu *.Mask))
  )

  (module mount:MountingHole_2.2mm_M2_Pad (layer F.Cu) (tedit 56D1B4CB) (tstamp 618B7ACE)
    (at 76.835 70.485)
    (descr "Mounting Hole 2.2mm, M2")
    (tags "mounting hole 2.2mm m2")
    (attr virtual)
    (fp_text reference M1 (at 0 -3.2) (layer F.Fab)
      (effects (font (size 1 1) (thickness 0.15)))
    )
    (fp_text value M2 (at 0 3.2) (layer F.Fab)
      (effects (font (size 1 1) (thickness 0.15)))
    )
    (fp_circle (center 0 0) (end 2.45 0) (layer F.CrtYd) (width 0.05))
    (fp_circle (center 0 0) (end 2.2 0) (layer Cmts.User) (width 0.15))
    (fp_text user %R (at 0.3 0) (layer F.Fab)
      (effects (font (size 1 1) (thickness 0.15)))
    )
    (pad 1 thru_hole circle (at 0 0) (size 4.4 4.4) (drill 2.2) (layers *.Cu *.Mask))
  )

  (module resistor:R_Array_SIP8 (layer F.Cu) (tedit 5A14249F) (tstamp 617C822A)
    (at 99.06 86.36)
    (descr "8-pin Resistor SIP pack")
    (tags R)
    (path /6142419D)
    (fp_text reference RN1 (at -2.286 0.127 90) (layer F.SilkS)
      (effects (font (size 0.762 0.762) (thickness 0.127)))
    )
    (fp_text value 1K (at 20.066 0.127 90) (layer F.Fab)
      (effects (font (size 0.762 0.762) (thickness 0.127)))
    )
    (fp_line (start 19.5 -1.65) (end -1.7 -1.65) (layer F.CrtYd) (width 0.05))
    (fp_line (start 19.5 1.65) (end 19.5 -1.65) (layer F.CrtYd) (width 0.05))
    (fp_line (start -1.7 1.65) (end 19.5 1.65) (layer F.CrtYd) (width 0.05))
    (fp_line (start -1.7 -1.65) (end -1.7 1.65) (layer F.CrtYd) (width 0.05))
    (fp_line (start 1.27 -1.4) (end 1.27 1.4) (layer F.SilkS) (width 0.12))
    (fp_line (start 19.22 -1.4) (end -1.44 -1.4) (layer F.SilkS) (width 0.12))
    (fp_line (start 19.22 1.4) (end 19.22 -1.4) (layer F.SilkS) (width 0.12))
    (fp_line (start -1.44 1.4) (end 19.22 1.4) (layer F.SilkS) (width 0.12))
    (fp_line (start -1.44 -1.4) (end -1.44 1.4) (layer F.SilkS) (width 0.12))
    (fp_line (start 1.27 -1.25) (end 1.27 1.25) (layer F.Fab) (width 0.15))
    (fp_line (start 19.07 -1.25) (end -1.29 -1.25) (layer F.Fab) (width 0.15))
    (fp_line (start 19.07 1.25) (end 19.07 -1.25) (layer F.Fab) (width 0.15))
    (fp_line (start -1.29 1.25) (end 19.07 1.25) (layer F.Fab) (width 0.15))
    (fp_line (start -1.29 -1.25) (end -1.29 1.25) (layer F.Fab) (width 0.15))
    (fp_text user %R (at 8.89 0) (layer F.Fab)
      (effects (font (size 0.762 0.762) (thickness 0.127)))
    )
    (pad 8 thru_hole oval (at 17.78 0) (size 1.6 1.6) (drill 0.8) (layers *.Cu *.Mask)
      (net 9 "Net-(J1-Pad9)"))
    (pad 7 thru_hole oval (at 15.24 0) (size 1.6 1.6) (drill 0.8) (layers *.Cu *.Mask)
      (net 8 "Net-(J1-Pad8)"))
    (pad 6 thru_hole oval (at 12.7 0) (size 1.6 1.6) (drill 0.8) (layers *.Cu *.Mask)
      (net 7 "Net-(J1-Pad7)"))
    (pad 5 thru_hole oval (at 10.16 0) (size 1.6 1.6) (drill 0.8) (layers *.Cu *.Mask)
      (net 6 "Net-(J1-Pad6)"))
    (pad 4 thru_hole oval (at 7.62 0) (size 1.6 1.6) (drill 0.8) (layers *.Cu *.Mask)
      (net 5 "Net-(J1-Pad5)"))
    (pad 3 thru_hole oval (at 5.08 0) (size 1.6 1.6) (drill 0.8) (layers *.Cu *.Mask)
      (net 4 "Net-(J1-Pad4)"))
    (pad 2 thru_hole oval (at 2.54 0) (size 1.6 1.6) (drill 0.8) (layers *.Cu *.Mask)
      (net 3 "Net-(J1-Pad3)"))
    (pad 1 thru_hole rect (at 0 0) (size 1.6 1.6) (drill 0.8) (layers *.Cu *.Mask)
      (net 1 GND))
    (model ${KISYS3DMOD}/Resistor_THT.3dshapes/R_Array_SIP8.wrl
      (at (xyz 0 0 0))
      (scale (xyz 1 1 1))
      (rotate (xyz 0 0 0))
    )
  )

  (module switch:SW_TH_Tactile_Omron_B3F-10xx (layer F.Cu) (tedit 5D84F0EF) (tstamp 615A8242)
    (at 86.36 76.2 90)
    (descr SW_TH_Tactile_Omron_B3F-10xx_https://www.omron.com/ecb/products/pdf/en-b3f.pdf)
    (tags "Omron B3F-10xx")
    (path /615A9629)
    (fp_text reference SW1 (at 3.25 -2.05 90) (layer F.SilkS)
      (effects (font (size 0.762 0.762) (thickness 0.127)))
    )
    (fp_text value UP (at 3.2 6.5 90) (layer F.Fab)
      (effects (font (size 0.762 0.762) (thickness 0.127)))
    )
    (fp_line (start 0.25 -0.75) (end 0.25 5.25) (layer F.Fab) (width 0.15))
    (fp_line (start 6.25 -0.75) (end 6.25 5.25) (layer F.Fab) (width 0.15))
    (fp_line (start 0.25 -0.75) (end 6.25 -0.75) (layer F.Fab) (width 0.15))
    (fp_line (start 7.6 5.6) (end 7.6 -1.1) (layer F.CrtYd) (width 0.05))
    (fp_line (start -1.1 5.6) (end 7.6 5.6) (layer F.CrtYd) (width 0.05))
    (fp_line (start -1.1 -1.1) (end -1.1 5.6) (layer F.CrtYd) (width 0.05))
    (fp_circle (center 3.25 2.25) (end 4.25 3.25) (layer F.SilkS) (width 0.12))
    (fp_line (start 0.28 5.37) (end 6.22 5.37) (layer F.SilkS) (width 0.12))
    (fp_line (start 0.28 -0.87) (end 6.22 -0.87) (layer F.SilkS) (width 0.12))
    (fp_line (start 0.13 3.59) (end 0.13 0.91) (layer F.SilkS) (width 0.12))
    (fp_line (start 6.37 0.91) (end 6.37 3.59) (layer F.SilkS) (width 0.12))
    (fp_line (start 0.25 5.25) (end 6.25 5.25) (layer F.Fab) (width 0.15))
    (fp_line (start -1.1 -1.1) (end 7.6 -1.1) (layer F.CrtYd) (width 0.05))
    (fp_text user %R (at 3.25 2.25 90) (layer F.Fab)
      (effects (font (size 0.762 0.762) (thickness 0.127)))
    )
    (pad 4 thru_hole circle (at 6.5 4.5 90) (size 1.7 1.7) (drill 1) (layers *.Cu *.Mask))
    (pad 3 thru_hole circle (at 0 4.5 90) (size 1.7 1.7) (drill 1) (layers *.Cu *.Mask)
      (net 3 "Net-(J1-Pad3)"))
    (pad 2 thru_hole circle (at 6.5 0 90) (size 1.7 1.7) (drill 1) (layers *.Cu *.Mask))
    (pad 1 thru_hole circle (at 0 0 90) (size 1.7 1.7) (drill 1) (layers *.Cu *.Mask)
      (net 2 +5V))
    (model ${KISYS3DMOD}/Button_Switch_THT.3dshapes/SW_TH_Tactile_Omron_B3F-10xx.wrl
      (at (xyz 0 0 0))
      (scale (xyz 1 1 1))
      (rotate (xyz 0 0 0))
    )
  )

  (module switch:SW_TH_Tactile_Omron_B3F-10xx (layer F.Cu) (tedit 5D84F0EF) (tstamp 615A8258)
    (at 86.36 88.9 90)
    (descr SW_TH_Tactile_Omron_B3F-10xx_https://www.omron.com/ecb/products/pdf/en-b3f.pdf)
    (tags "Omron B3F-10xx")
    (path /615A9B42)
    (fp_text reference SW2 (at 3.25 -2.05 90) (layer F.SilkS)
      (effects (font (size 0.762 0.762) (thickness 0.127)))
    )
    (fp_text value DOWN (at 3.2 6.5 90) (layer F.Fab)
      (effects (font (size 0.762 0.762) (thickness 0.127)))
    )
    (fp_line (start -1.1 -1.1) (end 7.6 -1.1) (layer F.CrtYd) (width 0.05))
    (fp_line (start 0.25 5.25) (end 6.25 5.25) (layer F.Fab) (width 0.15))
    (fp_line (start 6.37 0.91) (end 6.37 3.59) (layer F.SilkS) (width 0.12))
    (fp_line (start 0.13 3.59) (end 0.13 0.91) (layer F.SilkS) (width 0.12))
    (fp_line (start 0.28 -0.87) (end 6.22 -0.87) (layer F.SilkS) (width 0.12))
    (fp_line (start 0.28 5.37) (end 6.22 5.37) (layer F.SilkS) (width 0.12))
    (fp_circle (center 3.25 2.25) (end 4.25 3.25) (layer F.SilkS) (width 0.12))
    (fp_line (start -1.1 -1.1) (end -1.1 5.6) (layer F.CrtYd) (width 0.05))
    (fp_line (start -1.1 5.6) (end 7.6 5.6) (layer F.CrtYd) (width 0.05))
    (fp_line (start 7.6 5.6) (end 7.6 -1.1) (layer F.CrtYd) (width 0.05))
    (fp_line (start 0.25 -0.75) (end 6.25 -0.75) (layer F.Fab) (width 0.15))
    (fp_line (start 6.25 -0.75) (end 6.25 5.25) (layer F.Fab) (width 0.15))
    (fp_line (start 0.25 -0.75) (end 0.25 5.25) (layer F.Fab) (width 0.15))
    (fp_text user %R (at 3.25 2.25 90) (layer F.Fab)
      (effects (font (size 0.762 0.762) (thickness 0.127)))
    )
    (pad 1 thru_hole circle (at 0 0 90) (size 1.7 1.7) (drill 1) (layers *.Cu *.Mask)
      (net 2 +5V))
    (pad 2 thru_hole circle (at 6.5 0 90) (size 1.7 1.7) (drill 1) (layers *.Cu *.Mask))
    (pad 3 thru_hole circle (at 0 4.5 90) (size 1.7 1.7) (drill 1) (layers *.Cu *.Mask)
      (net 4 "Net-(J1-Pad4)"))
    (pad 4 thru_hole circle (at 6.5 4.5 90) (size 1.7 1.7) (drill 1) (layers *.Cu *.Mask))
    (model ${KISYS3DMOD}/Button_Switch_THT.3dshapes/SW_TH_Tactile_Omron_B3F-10xx.wrl
      (at (xyz 0 0 0))
      (scale (xyz 1 1 1))
      (rotate (xyz 0 0 0))
    )
  )

  (module switch:SW_TH_Tactile_Omron_B3F-10xx (layer F.Cu) (tedit 5D84F0EF) (tstamp 615A883B)
    (at 76.78 82.7 90)
    (descr SW_TH_Tactile_Omron_B3F-10xx_https://www.omron.com/ecb/products/pdf/en-b3f.pdf)
    (tags "Omron B3F-10xx")
    (path /615A9FB0)
    (fp_text reference SW3 (at 3.25 -2.05 90) (layer F.SilkS)
      (effects (font (size 0.762 0.762) (thickness 0.127)))
    )
    (fp_text value LEFT (at 3.2 6.5 90) (layer F.Fab)
      (effects (font (size 0.762 0.762) (thickness 0.127)))
    )
    (fp_line (start -1.1 -1.1) (end 7.6 -1.1) (layer F.CrtYd) (width 0.05))
    (fp_line (start 0.25 5.25) (end 6.25 5.25) (layer F.Fab) (width 0.15))
    (fp_line (start 6.37 0.91) (end 6.37 3.59) (layer F.SilkS) (width 0.12))
    (fp_line (start 0.13 3.59) (end 0.13 0.91) (layer F.SilkS) (width 0.12))
    (fp_line (start 0.28 -0.87) (end 6.22 -0.87) (layer F.SilkS) (width 0.12))
    (fp_line (start 0.28 5.37) (end 6.22 5.37) (layer F.SilkS) (width 0.12))
    (fp_circle (center 3.25 2.25) (end 4.25 3.25) (layer F.SilkS) (width 0.12))
    (fp_line (start -1.1 -1.1) (end -1.1 5.6) (layer F.CrtYd) (width 0.05))
    (fp_line (start -1.1 5.6) (end 7.6 5.6) (layer F.CrtYd) (width 0.05))
    (fp_line (start 7.6 5.6) (end 7.6 -1.1) (layer F.CrtYd) (width 0.05))
    (fp_line (start 0.25 -0.75) (end 6.25 -0.75) (layer F.Fab) (width 0.15))
    (fp_line (start 6.25 -0.75) (end 6.25 5.25) (layer F.Fab) (width 0.15))
    (fp_line (start 0.25 -0.75) (end 0.25 5.25) (layer F.Fab) (width 0.15))
    (fp_text user %R (at 3.25 2.25 90) (layer F.Fab)
      (effects (font (size 0.762 0.762) (thickness 0.127)))
    )
    (pad 1 thru_hole circle (at 0 0 90) (size 1.7 1.7) (drill 1) (layers *.Cu *.Mask)
      (net 2 +5V))
    (pad 2 thru_hole circle (at 6.5 0 90) (size 1.7 1.7) (drill 1) (layers *.Cu *.Mask))
    (pad 3 thru_hole circle (at 0 4.5 90) (size 1.7 1.7) (drill 1) (layers *.Cu *.Mask)
      (net 5 "Net-(J1-Pad5)"))
    (pad 4 thru_hole circle (at 6.5 4.5 90) (size 1.7 1.7) (drill 1) (layers *.Cu *.Mask))
    (model ${KISYS3DMOD}/Button_Switch_THT.3dshapes/SW_TH_Tactile_Omron_B3F-10xx.wrl
      (at (xyz 0 0 0))
      (scale (xyz 1 1 1))
      (rotate (xyz 0 0 0))
    )
  )

  (module switch:SW_TH_Tactile_Omron_B3F-10xx (layer F.Cu) (tedit 5D84F0EF) (tstamp 615A8284)
    (at 96.52 82.7 90)
    (descr SW_TH_Tactile_Omron_B3F-10xx_https://www.omron.com/ecb/products/pdf/en-b3f.pdf)
    (tags "Omron B3F-10xx")
    (path /615AA694)
    (fp_text reference SW4 (at 3.25 -2.05 90) (layer F.SilkS)
      (effects (font (size 0.762 0.762) (thickness 0.127)))
    )
    (fp_text value RIGHT (at 3.2 6.5 90) (layer F.Fab)
      (effects (font (size 0.762 0.762) (thickness 0.127)))
    )
    (fp_line (start 0.25 -0.75) (end 0.25 5.25) (layer F.Fab) (width 0.15))
    (fp_line (start 6.25 -0.75) (end 6.25 5.25) (layer F.Fab) (width 0.15))
    (fp_line (start 0.25 -0.75) (end 6.25 -0.75) (layer F.Fab) (width 0.15))
    (fp_line (start 7.6 5.6) (end 7.6 -1.1) (layer F.CrtYd) (width 0.05))
    (fp_line (start -1.1 5.6) (end 7.6 5.6) (layer F.CrtYd) (width 0.05))
    (fp_line (start -1.1 -1.1) (end -1.1 5.6) (layer F.CrtYd) (width 0.05))
    (fp_circle (center 3.25 2.25) (end 4.25 3.25) (layer F.SilkS) (width 0.12))
    (fp_line (start 0.28 5.37) (end 6.22 5.37) (layer F.SilkS) (width 0.12))
    (fp_line (start 0.28 -0.87) (end 6.22 -0.87) (layer F.SilkS) (width 0.12))
    (fp_line (start 0.13 3.59) (end 0.13 0.91) (layer F.SilkS) (width 0.12))
    (fp_line (start 6.37 0.91) (end 6.37 3.59) (layer F.SilkS) (width 0.12))
    (fp_line (start 0.25 5.25) (end 6.25 5.25) (layer F.Fab) (width 0.15))
    (fp_line (start -1.1 -1.1) (end 7.6 -1.1) (layer F.CrtYd) (width 0.05))
    (fp_text user %R (at 3.25 2.25 90) (layer F.Fab)
      (effects (font (size 0.762 0.762) (thickness 0.127)))
    )
    (pad 4 thru_hole circle (at 6.5 4.5 90) (size 1.7 1.7) (drill 1) (layers *.Cu *.Mask))
    (pad 3 thru_hole circle (at 0 4.5 90) (size 1.7 1.7) (drill 1) (layers *.Cu *.Mask)
      (net 6 "Net-(J1-Pad6)"))
    (pad 2 thru_hole circle (at 6.5 0 90) (size 1.7 1.7) (drill 1) (layers *.Cu *.Mask))
    (pad 1 thru_hole circle (at 0 0 90) (size 1.7 1.7) (drill 1) (layers *.Cu *.Mask)
      (net 2 +5V))
    (model ${KISYS3DMOD}/Button_Switch_THT.3dshapes/SW_TH_Tactile_Omron_B3F-10xx.wrl
      (at (xyz 0 0 0))
      (scale (xyz 1 1 1))
      (rotate (xyz 0 0 0))
    )
  )

  (module switch:SW_TH_Tactile_Omron_B3F-10xx (layer F.Cu) (tedit 5D84F0EF) (tstamp 618B73FB)
    (at 116.84 82.7 90)
    (descr SW_TH_Tactile_Omron_B3F-10xx_https://www.omron.com/ecb/products/pdf/en-b3f.pdf)
    (tags "Omron B3F-10xx")
    (path /615AABD4)
    (fp_text reference SW5 (at 3.25 -2.05 90) (layer F.SilkS)
      (effects (font (size 0.762 0.762) (thickness 0.127)))
    )
    (fp_text value A (at 3.2 6.5 90) (layer F.Fab)
      (effects (font (size 0.762 0.762) (thickness 0.127)))
    )
    (fp_line (start -1.1 -1.1) (end 7.6 -1.1) (layer F.CrtYd) (width 0.05))
    (fp_line (start 0.25 5.25) (end 6.25 5.25) (layer F.Fab) (width 0.15))
    (fp_line (start 6.37 0.91) (end 6.37 3.59) (layer F.SilkS) (width 0.12))
    (fp_line (start 0.13 3.59) (end 0.13 0.91) (layer F.SilkS) (width 0.12))
    (fp_line (start 0.28 -0.87) (end 6.22 -0.87) (layer F.SilkS) (width 0.12))
    (fp_line (start 0.28 5.37) (end 6.22 5.37) (layer F.SilkS) (width 0.12))
    (fp_circle (center 3.25 2.25) (end 4.25 3.25) (layer F.SilkS) (width 0.12))
    (fp_line (start -1.1 -1.1) (end -1.1 5.6) (layer F.CrtYd) (width 0.05))
    (fp_line (start -1.1 5.6) (end 7.6 5.6) (layer F.CrtYd) (width 0.05))
    (fp_line (start 7.6 5.6) (end 7.6 -1.1) (layer F.CrtYd) (width 0.05))
    (fp_line (start 0.25 -0.75) (end 6.25 -0.75) (layer F.Fab) (width 0.15))
    (fp_line (start 6.25 -0.75) (end 6.25 5.25) (layer F.Fab) (width 0.15))
    (fp_line (start 0.25 -0.75) (end 0.25 5.25) (layer F.Fab) (width 0.15))
    (fp_text user %R (at 3.25 2.25 90) (layer F.Fab)
      (effects (font (size 0.762 0.762) (thickness 0.127)))
    )
    (pad 1 thru_hole circle (at 0 0 90) (size 1.7 1.7) (drill 1) (layers *.Cu *.Mask)
      (net 2 +5V))
    (pad 2 thru_hole circle (at 6.5 0 90) (size 1.7 1.7) (drill 1) (layers *.Cu *.Mask))
    (pad 3 thru_hole circle (at 0 4.5 90) (size 1.7 1.7) (drill 1) (layers *.Cu *.Mask)
      (net 7 "Net-(J1-Pad7)"))
    (pad 4 thru_hole circle (at 6.5 4.5 90) (size 1.7 1.7) (drill 1) (layers *.Cu *.Mask))
    (model ${KISYS3DMOD}/Button_Switch_THT.3dshapes/SW_TH_Tactile_Omron_B3F-10xx.wrl
      (at (xyz 0 0 0))
      (scale (xyz 1 1 1))
      (rotate (xyz 0 0 0))
    )
  )

  (module switch:SW_TH_Tactile_Omron_B3F-10xx (layer F.Cu) (tedit 5D84F0EF) (tstamp 618B73BC)
    (at 132.08 82.7 90)
    (descr SW_TH_Tactile_Omron_B3F-10xx_https://www.omron.com/ecb/products/pdf/en-b3f.pdf)
    (tags "Omron B3F-10xx")
    (path /615AB121)
    (fp_text reference SW6 (at 3.25 -2.05 90) (layer F.SilkS)
      (effects (font (size 0.762 0.762) (thickness 0.127)))
    )
    (fp_text value B (at 3.2 6.5 90) (layer F.Fab)
      (effects (font (size 0.762 0.762) (thickness 0.127)))
    )
    (fp_line (start 0.25 -0.75) (end 0.25 5.25) (layer F.Fab) (width 0.15))
    (fp_line (start 6.25 -0.75) (end 6.25 5.25) (layer F.Fab) (width 0.15))
    (fp_line (start 0.25 -0.75) (end 6.25 -0.75) (layer F.Fab) (width 0.15))
    (fp_line (start 7.6 5.6) (end 7.6 -1.1) (layer F.CrtYd) (width 0.05))
    (fp_line (start -1.1 5.6) (end 7.6 5.6) (layer F.CrtYd) (width 0.05))
    (fp_line (start -1.1 -1.1) (end -1.1 5.6) (layer F.CrtYd) (width 0.05))
    (fp_circle (center 3.25 2.25) (end 4.25 3.25) (layer F.SilkS) (width 0.12))
    (fp_line (start 0.28 5.37) (end 6.22 5.37) (layer F.SilkS) (width 0.12))
    (fp_line (start 0.28 -0.87) (end 6.22 -0.87) (layer F.SilkS) (width 0.12))
    (fp_line (start 0.13 3.59) (end 0.13 0.91) (layer F.SilkS) (width 0.12))
    (fp_line (start 6.37 0.91) (end 6.37 3.59) (layer F.SilkS) (width 0.12))
    (fp_line (start 0.25 5.25) (end 6.25 5.25) (layer F.Fab) (width 0.15))
    (fp_line (start -1.1 -1.1) (end 7.6 -1.1) (layer F.CrtYd) (width 0.05))
    (fp_text user %R (at 3.25 2.25 90) (layer F.Fab)
      (effects (font (size 0.762 0.762) (thickness 0.127)))
    )
    (pad 4 thru_hole circle (at 6.5 4.5 90) (size 1.7 1.7) (drill 1) (layers *.Cu *.Mask))
    (pad 3 thru_hole circle (at 0 4.5 90) (size 1.7 1.7) (drill 1) (layers *.Cu *.Mask)
      (net 8 "Net-(J1-Pad8)"))
    (pad 2 thru_hole circle (at 6.5 0 90) (size 1.7 1.7) (drill 1) (layers *.Cu *.Mask))
    (pad 1 thru_hole circle (at 0 0 90) (size 1.7 1.7) (drill 1) (layers *.Cu *.Mask)
      (net 2 +5V))
    (model ${KISYS3DMOD}/Button_Switch_THT.3dshapes/SW_TH_Tactile_Omron_B3F-10xx.wrl
      (at (xyz 0 0 0))
      (scale (xyz 1 1 1))
      (rotate (xyz 0 0 0))
    )
  )

  (module switch:SW_TH_Tactile_Omron_B3F-10xx (layer F.Cu) (tedit 5D84F0EF) (tstamp 618B737D)
    (at 147.32 82.7 90)
    (descr SW_TH_Tactile_Omron_B3F-10xx_https://www.omron.com/ecb/products/pdf/en-b3f.pdf)
    (tags "Omron B3F-10xx")
    (path /615AB5F9)
    (fp_text reference SW7 (at 3.25 -2.05 90) (layer F.SilkS)
      (effects (font (size 0.762 0.762) (thickness 0.127)))
    )
    (fp_text value C (at 3.2 6.5 90) (layer F.Fab)
      (effects (font (size 0.762 0.762) (thickness 0.127)))
    )
    (fp_line (start -1.1 -1.1) (end 7.6 -1.1) (layer F.CrtYd) (width 0.05))
    (fp_line (start 0.25 5.25) (end 6.25 5.25) (layer F.Fab) (width 0.15))
    (fp_line (start 6.37 0.91) (end 6.37 3.59) (layer F.SilkS) (width 0.12))
    (fp_line (start 0.13 3.59) (end 0.13 0.91) (layer F.SilkS) (width 0.12))
    (fp_line (start 0.28 -0.87) (end 6.22 -0.87) (layer F.SilkS) (width 0.12))
    (fp_line (start 0.28 5.37) (end 6.22 5.37) (layer F.SilkS) (width 0.12))
    (fp_circle (center 3.25 2.25) (end 4.25 3.25) (layer F.SilkS) (width 0.12))
    (fp_line (start -1.1 -1.1) (end -1.1 5.6) (layer F.CrtYd) (width 0.05))
    (fp_line (start -1.1 5.6) (end 7.6 5.6) (layer F.CrtYd) (width 0.05))
    (fp_line (start 7.6 5.6) (end 7.6 -1.1) (layer F.CrtYd) (width 0.05))
    (fp_line (start 0.25 -0.75) (end 6.25 -0.75) (layer F.Fab) (width 0.15))
    (fp_line (start 6.25 -0.75) (end 6.25 5.25) (layer F.Fab) (width 0.15))
    (fp_line (start 0.25 -0.75) (end 0.25 5.25) (layer F.Fab) (width 0.15))
    (fp_text user %R (at 3.25 2.25 90) (layer F.Fab)
      (effects (font (size 0.762 0.762) (thickness 0.127)))
    )
    (pad 1 thru_hole circle (at 0 0 90) (size 1.7 1.7) (drill 1) (layers *.Cu *.Mask)
      (net 2 +5V))
    (pad 2 thru_hole circle (at 6.5 0 90) (size 1.7 1.7) (drill 1) (layers *.Cu *.Mask))
    (pad 3 thru_hole circle (at 0 4.5 90) (size 1.7 1.7) (drill 1) (layers *.Cu *.Mask)
      (net 9 "Net-(J1-Pad9)"))
    (pad 4 thru_hole circle (at 6.5 4.5 90) (size 1.7 1.7) (drill 1) (layers *.Cu *.Mask))
    (model ${KISYS3DMOD}/Button_Switch_THT.3dshapes/SW_TH_Tactile_Omron_B3F-10xx.wrl
      (at (xyz 0 0 0))
      (scale (xyz 1 1 1))
      (rotate (xyz 0 0 0))
    )
  )

  (module connector:PinHeader_1x15_P2.54mm_Vertical (layer F.Cu) (tedit 59FED5CC) (tstamp 617C7E70)
    (at 96.52 88.9 90)
    (descr "Through hole straight pin header, 1x15, 2.54mm pitch, single row")
    (tags "Through hole pin header THT 1x15 2.54mm single row")
    (path /61855639)
    (fp_text reference J1 (at 0 -2.33 90) (layer F.SilkS)
      (effects (font (size 0.762 0.762) (thickness 0.127)))
    )
    (fp_text value SBC_EXP (at 0 39.878 180) (layer F.SilkS)
      (effects (font (size 0.762 0.762) (thickness 0.127)))
    )
    (fp_line (start -0.635 -1.27) (end 1.27 -1.27) (layer F.Fab) (width 0.15))
    (fp_line (start 1.27 -1.27) (end 1.27 36.83) (layer F.Fab) (width 0.15))
    (fp_line (start 1.27 36.83) (end -1.27 36.83) (layer F.Fab) (width 0.15))
    (fp_line (start -1.27 36.83) (end -1.27 -0.635) (layer F.Fab) (width 0.15))
    (fp_line (start -1.27 -0.635) (end -0.635 -1.27) (layer F.Fab) (width 0.15))
    (fp_line (start -1.33 36.89) (end 1.33 36.89) (layer F.SilkS) (width 0.12))
    (fp_line (start -1.33 1.27) (end -1.33 36.89) (layer F.SilkS) (width 0.12))
    (fp_line (start 1.33 1.27) (end 1.33 36.89) (layer F.SilkS) (width 0.12))
    (fp_line (start -1.33 1.27) (end 1.33 1.27) (layer F.SilkS) (width 0.12))
    (fp_line (start -1.33 0) (end -1.33 -1.33) (layer F.SilkS) (width 0.12))
    (fp_line (start -1.33 -1.33) (end 0 -1.33) (layer F.SilkS) (width 0.12))
    (fp_line (start -1.8 -1.8) (end -1.8 37.35) (layer F.CrtYd) (width 0.05))
    (fp_line (start -1.8 37.35) (end 1.8 37.35) (layer F.CrtYd) (width 0.05))
    (fp_line (start 1.8 37.35) (end 1.8 -1.8) (layer F.CrtYd) (width 0.05))
    (fp_line (start 1.8 -1.8) (end -1.8 -1.8) (layer F.CrtYd) (width 0.05))
    (fp_text user %R (at 0 17.78) (layer F.Fab)
      (effects (font (size 0.762 0.762) (thickness 0.127)))
    )
    (pad 1 thru_hole rect (at 0 0 90) (size 1.7 1.7) (drill 1) (layers *.Cu *.Mask)
      (net 2 +5V))
    (pad 2 thru_hole oval (at 0 2.54 90) (size 1.7 1.7) (drill 1) (layers *.Cu *.Mask)
      (net 14 "Net-(J1-Pad10)"))
    (pad 3 thru_hole oval (at 0 5.08 90) (size 1.7 1.7) (drill 1) (layers *.Cu *.Mask)
      (net 3 "Net-(J1-Pad3)"))
    (pad 4 thru_hole oval (at 0 7.62 90) (size 1.7 1.7) (drill 1) (layers *.Cu *.Mask)
      (net 4 "Net-(J1-Pad4)"))
    (pad 5 thru_hole oval (at 0 10.16 90) (size 1.7 1.7) (drill 1) (layers *.Cu *.Mask)
      (net 5 "Net-(J1-Pad5)"))
    (pad 6 thru_hole oval (at 0 12.7 90) (size 1.7 1.7) (drill 1) (layers *.Cu *.Mask)
      (net 6 "Net-(J1-Pad6)"))
    (pad 7 thru_hole oval (at 0 15.24 90) (size 1.7 1.7) (drill 1) (layers *.Cu *.Mask)
      (net 7 "Net-(J1-Pad7)"))
    (pad 8 thru_hole oval (at 0 17.78 90) (size 1.7 1.7) (drill 1) (layers *.Cu *.Mask)
      (net 8 "Net-(J1-Pad8)"))
    (pad 9 thru_hole oval (at 0 20.32 90) (size 1.7 1.7) (drill 1) (layers *.Cu *.Mask)
      (net 9 "Net-(J1-Pad9)"))
    (pad 10 thru_hole oval (at 0 22.86 90) (size 1.7 1.7) (drill 1) (layers *.Cu *.Mask)
      (net 14 "Net-(J1-Pad10)"))
    (pad 11 thru_hole oval (at 0 25.4 90) (size 1.7 1.7) (drill 1) (layers *.Cu *.Mask)
      (net 10 "Net-(J1-Pad11)"))
    (pad 12 thru_hole oval (at 0 27.94 90) (size 1.7 1.7) (drill 1) (layers *.Cu *.Mask)
      (net 11 "Net-(J1-Pad12)"))
    (pad 13 thru_hole oval (at 0 30.48 90) (size 1.7 1.7) (drill 1) (layers *.Cu *.Mask)
      (net 12 "Net-(J1-Pad13)"))
    (pad 14 thru_hole oval (at 0 33.02 90) (size 1.7 1.7) (drill 1) (layers *.Cu *.Mask)
      (net 1 GND))
    (pad 15 thru_hole oval (at 0 35.56 90) (size 1.7 1.7) (drill 1) (layers *.Cu *.Mask)
      (net 13 "Net-(J1-Pad15)"))
    (model ${KISYS3DMOD}/Connector_PinHeader_2.54mm.3dshapes/PinHeader_1x15_P2.54mm_Vertical.wrl
      (at (xyz 0 0 0))
      (scale (xyz 1 1 1))
      (rotate (xyz 0 0 0))
    )
  )

  (gr_text "v2.0\n© 2021 Daniel Picken\nhttps://github.com/dpicken/6502-hw" (at 148.59 88.9) (layer B.SilkS) (tstamp 615A8E5E)
    (effects (font (size 0.762 0.762) (thickness 0.127)) (justify left mirror))
  )
  (gr_line (start 154.94 91.44) (end 154.94 67.31) (layer Edge.Cuts) (width 0.05) (tstamp 6142B665))
  (gr_line (start 73.66 91.44) (end 154.94 91.44) (layer Edge.Cuts) (width 0.05))
  (gr_line (start 73.66 67.31) (end 73.66 91.44) (layer Edge.Cuts) (width 0.05))
  (gr_line (start 154.94 67.31) (end 73.66 67.31) (layer Edge.Cuts) (width 0.05) (tstamp 6142B92A))

  (segment (start 128.308999 87.668999) (end 129.54 88.9) (width 0.4572) (layer F.Cu) (net 1))
  (segment (start 100.368999 87.668999) (end 128.308999 87.668999) (width 0.4572) (layer F.Cu) (net 1))
  (segment (start 99.06 86.36) (end 100.368999 87.668999) (width 0.4572) (layer F.Cu) (net 1))
  (segment (start 76.78 82.7) (end 78.311001 81.168999) (width 0.4572) (layer F.Cu) (net 2))
  (segment (start 97.751001 81.468999) (end 115.608999 81.468999) (width 0.4572) (layer F.Cu) (net 2))
  (segment (start 115.608999 81.468999) (end 116.84 82.7) (width 0.4572) (layer F.Cu) (net 2))
  (segment (start 96.52 82.7) (end 97.751001 81.468999) (width 0.4572) (layer F.Cu) (net 2))
  (segment (start 118.071001 81.468999) (end 116.84 82.7) (width 0.4572) (layer F.Cu) (net 2))
  (segment (start 130.848999 81.468999) (end 118.071001 81.468999) (width 0.4572) (layer F.Cu) (net 2))
  (segment (start 132.08 82.7) (end 130.848999 81.468999) (width 0.4572) (layer F.Cu) (net 2))
  (segment (start 133.311001 81.468999) (end 132.08 82.7) (width 0.4572) (layer F.Cu) (net 2))
  (segment (start 146.088999 81.468999) (end 133.311001 81.468999) (width 0.4572) (layer F.Cu) (net 2))
  (segment (start 147.32 82.7) (end 146.088999 81.468999) (width 0.4572) (layer F.Cu) (net 2))
  (segment (start 96.52 88.9) (end 96.52 82.7) (width 0.4572) (layer F.Cu) (net 2))
  (segment (start 94.988999 81.168999) (end 96.52 82.7) (width 0.4572) (layer F.Cu) (net 2))
  (segment (start 78.311001 81.168999) (end 94.988999 81.168999) (width 0.4572) (layer F.Cu) (net 2))
  (segment (start 96.52 80.038118) (end 96.52 82.7) (width 0.4572) (layer F.Cu) (net 2))
  (segment (start 87.591001 74.968999) (end 91.450881 74.968999) (width 0.4572) (layer F.Cu) (net 2))
  (segment (start 91.450881 74.968999) (end 96.52 80.038118) (width 0.4572) (layer F.Cu) (net 2))
  (segment (start 86.36 76.2) (end 87.591001 74.968999) (width 0.4572) (layer F.Cu) (net 2))
  (segment (start 87.591001 87.668999) (end 86.36 88.9) (width 0.4572) (layer F.Cu) (net 2))
  (segment (start 95.288999 87.668999) (end 87.591001 87.668999) (width 0.4572) (layer F.Cu) (net 2))
  (segment (start 96.52 88.9) (end 95.288999 87.668999) (width 0.4572) (layer F.Cu) (net 2))
  (segment (start 101.6 88.9) (end 101.6 86.36) (width 0.1524) (layer B.Cu) (net 3))
  (segment (start 89.781399 77.278601) (end 90.86 76.2) (width 0.1524) (layer B.Cu) (net 3))
  (segment (start 89.781399 89.417729) (end 89.781399 77.278601) (width 0.1524) (layer B.Cu) (net 3))
  (segment (start 90.342271 89.978601) (end 89.781399 89.417729) (width 0.1524) (layer B.Cu) (net 3))
  (segment (start 91.377729 89.978601) (end 90.342271 89.978601) (width 0.1524) (layer B.Cu) (net 3))
  (segment (start 96.024931 85.331399) (end 91.377729 89.978601) (width 0.1524) (layer B.Cu) (net 3))
  (segment (start 100.571399 85.331399) (end 96.024931 85.331399) (width 0.1524) (layer B.Cu) (net 3))
  (segment (start 101.6 86.36) (end 100.571399 85.331399) (width 0.1524) (layer B.Cu) (net 3))
  (segment (start 104.14 88.9) (end 104.14 86.36) (width 0.1524) (layer B.Cu) (net 4))
  (segment (start 94.733411 85.026589) (end 90.86 88.9) (width 0.1524) (layer B.Cu) (net 4))
  (segment (start 101.788919 85.026589) (end 94.733411 85.026589) (width 0.1524) (layer B.Cu) (net 4))
  (segment (start 103.12233 86.36) (end 101.788919 85.026589) (width 0.1524) (layer B.Cu) (net 4))
  (segment (start 104.14 86.36) (end 103.12233 86.36) (width 0.1524) (layer B.Cu) (net 4))
  (segment (start 106.68 86.36) (end 106.68 88.9) (width 0.1524) (layer B.Cu) (net 5))
  (segment (start 81.28 79.68367) (end 81.28 82.7) (width 0.1524) (layer B.Cu) (net 5))
  (segment (start 91.377729 75.121399) (end 85.842271 75.121399) (width 0.1524) (layer B.Cu) (net 5))
  (segment (start 100.034931 83.778601) (end 91.377729 75.121399) (width 0.1524) (layer B.Cu) (net 5))
  (segment (start 85.842271 75.121399) (end 81.28 79.68367) (width 0.1524) (layer B.Cu) (net 5))
  (segment (start 104.098601 83.778601) (end 100.034931 83.778601) (width 0.1524) (layer B.Cu) (net 5))
  (segment (start 106.68 86.36) (end 104.098601 83.778601) (width 0.1524) (layer B.Cu) (net 5))
  (segment (start 109.22 88.9) (end 109.22 86.36) (width 0.1524) (layer B.Cu) (net 6))
  (segment (start 105.56 82.7) (end 101.02 82.7) (width 0.1524) (layer B.Cu) (net 6))
  (segment (start 109.22 86.36) (end 105.56 82.7) (width 0.1524) (layer B.Cu) (net 6))
  (segment (start 111.76 86.36) (end 113.538 84.582) (width 0.1524) (layer B.Cu) (net 7))
  (segment (start 119.458 84.582) (end 121.34 82.7) (width 0.1524) (layer B.Cu) (net 7))
  (segment (start 113.538 84.582) (end 119.458 84.582) (width 0.1524) (layer B.Cu) (net 7))
  (segment (start 111.76 86.36) (end 111.76 88.9) (width 0.1524) (layer B.Cu) (net 7))
  (segment (start 114.3 86.36) (end 115.62081 85.03919) (width 0.1524) (layer B.Cu) (net 8))
  (segment (start 134.24081 85.03919) (end 136.58 82.7) (width 0.1524) (layer B.Cu) (net 8))
  (segment (start 115.62081 85.03919) (end 134.24081 85.03919) (width 0.1524) (layer B.Cu) (net 8))
  (segment (start 114.3 88.9) (end 114.3 86.36) (width 0.1524) (layer B.Cu) (net 8))
  (segment (start 116.84 86.36) (end 117.856 85.344) (width 0.1524) (layer B.Cu) (net 9))
  (segment (start 149.176 85.344) (end 151.82 82.7) (width 0.1524) (layer B.Cu) (net 9))
  (segment (start 117.856 85.344) (end 149.176 85.344) (width 0.1524) (layer B.Cu) (net 9))
  (segment (start 116.84 86.36) (end 116.84 88.9) (width 0.1524) (layer B.Cu) (net 9))
  (segment (start 118.301399 89.978601) (end 119.38 88.9) (width 0.1524) (layer B.Cu) (net 14))
  (segment (start 100.138601 89.978601) (end 118.301399 89.978601) (width 0.1524) (layer B.Cu) (net 14))
  (segment (start 99.06 88.9) (end 100.138601 89.978601) (width 0.1524) (layer B.Cu) (net 14))

)
