(kicad_pcb (version 20171130) (host pcbnew 5.1.4+dfsg1-1~bpo10+1)

  (general
    (thickness 1.6002)
    (drawings 5)
    (tracks 90)
    (zones 0)
    (modules 10)
    (nets 11)
  )

  (page A4)
  (title_block
    (title "6502 SBC Expansion - Controller")
    (date 2021-10-03)
    (rev 1.1)
  )

  (layers
    (0 F.Cu signal)
    (31 B.Cu signal)
    (36 B.SilkS user)
    (37 F.SilkS user)
    (38 B.Mask user)
    (39 F.Mask user)
    (40 Dwgs.User user)
    (41 Cmts.User user)
    (42 Eco1.User user)
    (43 Eco2.User user)
    (44 Edge.Cuts user)
    (45 Margin user)
    (46 B.CrtYd user)
    (47 F.CrtYd user)
    (48 B.Fab user)
    (49 F.Fab user)
  )

  (setup
    (last_trace_width 0.1524)
    (trace_clearance 0.1524)
    (zone_clearance 0.508)
    (zone_45_only no)
    (trace_min 0.1524)
    (via_size 0.508)
    (via_drill 0.254)
    (via_min_size 0.508)
    (via_min_drill 0.254)
    (uvia_size 0.508)
    (uvia_drill 0.254)
    (uvias_allowed no)
    (uvia_min_size 0.508)
    (uvia_min_drill 0.254)
    (edge_width 0.05)
    (segment_width 0.2)
    (pcb_text_width 0.3)
    (pcb_text_size 1.5 1.5)
    (mod_edge_width 0.12)
    (mod_text_size 0.762 0.762)
    (mod_text_width 0.127)
    (pad_size 1.524 1.524)
    (pad_drill 0.762)
    (pad_to_mask_clearance 0.0508)
    (aux_axis_origin 0 0)
    (visible_elements 7FFFFFFF)
    (pcbplotparams
      (layerselection 0x010fc_ffffffff)
      (usegerberextensions false)
      (usegerberattributes false)
      (usegerberadvancedattributes false)
      (creategerberjobfile false)
      (excludeedgelayer true)
      (linewidth 0.100000)
      (plotframeref false)
      (viasonmask false)
      (mode 1)
      (useauxorigin false)
      (hpglpennumber 1)
      (hpglpenspeed 20)
      (hpglpendiameter 15.000000)
      (psnegative false)
      (psa4output false)
      (plotreference true)
      (plotvalue true)
      (plotinvisibletext false)
      (padsonsilk false)
      (subtractmaskfromsilk false)
      (outputformat 1)
      (mirror false)
      (drillshape 1)
      (scaleselection 1)
      (outputdirectory ""))
  )

  (net 0 "")
  (net 1 GND)
  (net 2 "Net-(D1-Pad2)")
  (net 3 +5V)
  (net 4 "Net-(J1-Pad2)")
  (net 5 "Net-(J1-Pad3)")
  (net 6 "Net-(J1-Pad4)")
  (net 7 "Net-(J1-Pad5)")
  (net 8 "Net-(J1-Pad6)")
  (net 9 "Net-(J1-Pad7)")
  (net 10 "Net-(J1-Pad8)")

  (net_class Default "This is the default net class."
    (clearance 0.1524)
    (trace_width 0.1524)
    (via_dia 0.508)
    (via_drill 0.254)
    (uvia_dia 0.508)
    (uvia_drill 0.254)
    (diff_pair_width 0.1524)
    (diff_pair_gap 0.1524)
    (add_net "Net-(D1-Pad2)")
    (add_net "Net-(J1-Pad2)")
    (add_net "Net-(J1-Pad3)")
    (add_net "Net-(J1-Pad4)")
    (add_net "Net-(J1-Pad5)")
    (add_net "Net-(J1-Pad6)")
    (add_net "Net-(J1-Pad7)")
    (add_net "Net-(J1-Pad8)")
  )

  (net_class Power ""
    (clearance 0.1524)
    (trace_width 0.4572)
    (via_dia 0.508)
    (via_drill 0.254)
    (uvia_dia 0.508)
    (uvia_drill 0.254)
    (diff_pair_width 0.1524)
    (diff_pair_gap 0.1524)
    (add_net +5V)
    (add_net GND)
  )

  (module resistor:R_Array_SIP8 (layer F.Cu) (tedit 5A14249F) (tstamp 615BCB4B)
    (at 102.87 89.535)
    (descr "8-pin Resistor SIP pack")
    (tags R)
    (path /6142419D)
    (fp_text reference RN1 (at -2.286 0.127 90) (layer F.SilkS)
      (effects (font (size 1 1) (thickness 0.15)))
    )
    (fp_text value 1K (at 20.066 0.127 90) (layer F.Fab)
      (effects (font (size 1 1) (thickness 0.15)))
    )
    (fp_line (start 19.5 -1.65) (end -1.7 -1.65) (layer F.CrtYd) (width 0.05))
    (fp_line (start 19.5 1.65) (end 19.5 -1.65) (layer F.CrtYd) (width 0.05))
    (fp_line (start -1.7 1.65) (end 19.5 1.65) (layer F.CrtYd) (width 0.05))
    (fp_line (start -1.7 -1.65) (end -1.7 1.65) (layer F.CrtYd) (width 0.05))
    (fp_line (start 1.27 -1.4) (end 1.27 1.4) (layer F.SilkS) (width 0.12))
    (fp_line (start 19.22 -1.4) (end -1.44 -1.4) (layer F.SilkS) (width 0.12))
    (fp_line (start 19.22 1.4) (end 19.22 -1.4) (layer F.SilkS) (width 0.12))
    (fp_line (start -1.44 1.4) (end 19.22 1.4) (layer F.SilkS) (width 0.12))
    (fp_line (start -1.44 -1.4) (end -1.44 1.4) (layer F.SilkS) (width 0.12))
    (fp_line (start 1.27 -1.25) (end 1.27 1.25) (layer F.Fab) (width 0.1))
    (fp_line (start 19.07 -1.25) (end -1.29 -1.25) (layer F.Fab) (width 0.1))
    (fp_line (start 19.07 1.25) (end 19.07 -1.25) (layer F.Fab) (width 0.1))
    (fp_line (start -1.29 1.25) (end 19.07 1.25) (layer F.Fab) (width 0.1))
    (fp_line (start -1.29 -1.25) (end -1.29 1.25) (layer F.Fab) (width 0.1))
    (fp_text user %R (at 8.89 0) (layer F.Fab)
      (effects (font (size 1 1) (thickness 0.15)))
    )
    (pad 8 thru_hole oval (at 17.78 0) (size 1.6 1.6) (drill 0.8) (layers *.Cu *.Mask)
      (net 10 "Net-(J1-Pad8)"))
    (pad 7 thru_hole oval (at 15.24 0) (size 1.6 1.6) (drill 0.8) (layers *.Cu *.Mask)
      (net 9 "Net-(J1-Pad7)"))
    (pad 6 thru_hole oval (at 12.7 0) (size 1.6 1.6) (drill 0.8) (layers *.Cu *.Mask)
      (net 8 "Net-(J1-Pad6)"))
    (pad 5 thru_hole oval (at 10.16 0) (size 1.6 1.6) (drill 0.8) (layers *.Cu *.Mask)
      (net 7 "Net-(J1-Pad5)"))
    (pad 4 thru_hole oval (at 7.62 0) (size 1.6 1.6) (drill 0.8) (layers *.Cu *.Mask)
      (net 6 "Net-(J1-Pad4)"))
    (pad 3 thru_hole oval (at 5.08 0) (size 1.6 1.6) (drill 0.8) (layers *.Cu *.Mask)
      (net 5 "Net-(J1-Pad3)"))
    (pad 2 thru_hole oval (at 2.54 0) (size 1.6 1.6) (drill 0.8) (layers *.Cu *.Mask)
      (net 4 "Net-(J1-Pad2)"))
    (pad 1 thru_hole rect (at 0 0) (size 1.6 1.6) (drill 0.8) (layers *.Cu *.Mask)
      (net 1 GND))
    (model ${KISYS3DMOD}/Resistor_THT.3dshapes/R_Array_SIP8.wrl
      (at (xyz 0 0 0))
      (scale (xyz 1 1 1))
      (rotate (xyz 0 0 0))
    )
  )

  (module connector:PinHeader_1x13_P2.54mm_Vertical (layer F.Cu) (tedit 59FED5CC) (tstamp 6142ADD9)
    (at 96.52 86.36 90)
    (descr "Through hole straight pin header, 1x13, 2.54mm pitch, single row")
    (tags "Through hole pin header THT 1x13 2.54mm single row")
    (path /6142495C)
    (fp_text reference J1 (at 0 -2.33 90) (layer F.SilkS)
      (effects (font (size 1 1) (thickness 0.15)))
    )
    (fp_text value P (at 0 32.81 90) (layer F.Fab)
      (effects (font (size 1 1) (thickness 0.15)))
    )
    (fp_text user %R (at 0 15.24) (layer F.Fab)
      (effects (font (size 1 1) (thickness 0.15)))
    )
    (fp_line (start 1.8 -1.8) (end -1.8 -1.8) (layer F.CrtYd) (width 0.05))
    (fp_line (start 1.8 32.25) (end 1.8 -1.8) (layer F.CrtYd) (width 0.05))
    (fp_line (start -1.8 32.25) (end 1.8 32.25) (layer F.CrtYd) (width 0.05))
    (fp_line (start -1.8 -1.8) (end -1.8 32.25) (layer F.CrtYd) (width 0.05))
    (fp_line (start -1.33 -1.33) (end 0 -1.33) (layer F.SilkS) (width 0.12))
    (fp_line (start -1.33 0) (end -1.33 -1.33) (layer F.SilkS) (width 0.12))
    (fp_line (start -1.33 1.27) (end 1.33 1.27) (layer F.SilkS) (width 0.12))
    (fp_line (start 1.33 1.27) (end 1.33 31.81) (layer F.SilkS) (width 0.12))
    (fp_line (start -1.33 1.27) (end -1.33 31.81) (layer F.SilkS) (width 0.12))
    (fp_line (start -1.33 31.81) (end 1.33 31.81) (layer F.SilkS) (width 0.12))
    (fp_line (start -1.27 -0.635) (end -0.635 -1.27) (layer F.Fab) (width 0.1))
    (fp_line (start -1.27 31.75) (end -1.27 -0.635) (layer F.Fab) (width 0.1))
    (fp_line (start 1.27 31.75) (end -1.27 31.75) (layer F.Fab) (width 0.1))
    (fp_line (start 1.27 -1.27) (end 1.27 31.75) (layer F.Fab) (width 0.1))
    (fp_line (start -0.635 -1.27) (end 1.27 -1.27) (layer F.Fab) (width 0.1))
    (pad 13 thru_hole oval (at 0 30.48 90) (size 1.7 1.7) (drill 1) (layers *.Cu *.Mask)
      (net 1 GND))
    (pad 12 thru_hole oval (at 0 27.94 90) (size 1.7 1.7) (drill 1) (layers *.Cu *.Mask))
    (pad 11 thru_hole oval (at 0 25.4 90) (size 1.7 1.7) (drill 1) (layers *.Cu *.Mask))
    (pad 10 thru_hole oval (at 0 22.86 90) (size 1.7 1.7) (drill 1) (layers *.Cu *.Mask))
    (pad 9 thru_hole oval (at 0 20.32 90) (size 1.7 1.7) (drill 1) (layers *.Cu *.Mask)
      (net 2 "Net-(D1-Pad2)"))
    (pad 8 thru_hole oval (at 0 17.78 90) (size 1.7 1.7) (drill 1) (layers *.Cu *.Mask)
      (net 10 "Net-(J1-Pad8)"))
    (pad 7 thru_hole oval (at 0 15.24 90) (size 1.7 1.7) (drill 1) (layers *.Cu *.Mask)
      (net 9 "Net-(J1-Pad7)"))
    (pad 6 thru_hole oval (at 0 12.7 90) (size 1.7 1.7) (drill 1) (layers *.Cu *.Mask)
      (net 8 "Net-(J1-Pad6)"))
    (pad 5 thru_hole oval (at 0 10.16 90) (size 1.7 1.7) (drill 1) (layers *.Cu *.Mask)
      (net 7 "Net-(J1-Pad5)"))
    (pad 4 thru_hole oval (at 0 7.62 90) (size 1.7 1.7) (drill 1) (layers *.Cu *.Mask)
      (net 6 "Net-(J1-Pad4)"))
    (pad 3 thru_hole oval (at 0 5.08 90) (size 1.7 1.7) (drill 1) (layers *.Cu *.Mask)
      (net 5 "Net-(J1-Pad3)"))
    (pad 2 thru_hole oval (at 0 2.54 90) (size 1.7 1.7) (drill 1) (layers *.Cu *.Mask)
      (net 4 "Net-(J1-Pad2)"))
    (pad 1 thru_hole rect (at 0 0 90) (size 1.7 1.7) (drill 1) (layers *.Cu *.Mask)
      (net 3 +5V))
    (model ${KISYS3DMOD}/Connector_PinHeader_2.54mm.3dshapes/PinHeader_1x13_P2.54mm_Vertical.wrl
      (at (xyz 0 0 0))
      (scale (xyz 1 1 1))
      (rotate (xyz 0 0 0))
    )
  )

  (module led:LED_D5.0mm (layer F.Cu) (tedit 5995936A) (tstamp 6142B23E)
    (at 106.045 69.85 270)
    (descr "LED, diameter 5.0mm, 2 pins, http://cdn-reichelt.de/documents/datenblatt/A500/LL-504BC2E-009.pdf")
    (tags "LED diameter 5.0mm 2 pins")
    (path /614C6FA3)
    (fp_text reference D1 (at 1.27 4.445 90) (layer F.SilkS)
      (effects (font (size 1 1) (thickness 0.15)))
    )
    (fp_text value LED (at 1.27 -4.191 90) (layer F.Fab)
      (effects (font (size 1 1) (thickness 0.15)))
    )
    (fp_text user %R (at 1.25 0 90) (layer F.Fab)
      (effects (font (size 0.8 0.8) (thickness 0.2)))
    )
    (fp_line (start 4.5 -3.25) (end -1.95 -3.25) (layer F.CrtYd) (width 0.05))
    (fp_line (start 4.5 3.25) (end 4.5 -3.25) (layer F.CrtYd) (width 0.05))
    (fp_line (start -1.95 3.25) (end 4.5 3.25) (layer F.CrtYd) (width 0.05))
    (fp_line (start -1.95 -3.25) (end -1.95 3.25) (layer F.CrtYd) (width 0.05))
    (fp_line (start -1.29 -1.545) (end -1.29 1.545) (layer F.SilkS) (width 0.12))
    (fp_line (start -1.23 -1.469694) (end -1.23 1.469694) (layer F.Fab) (width 0.1))
    (fp_circle (center 1.27 0) (end 3.77 0) (layer F.SilkS) (width 0.12))
    (fp_circle (center 1.27 0) (end 3.77 0) (layer F.Fab) (width 0.1))
    (fp_arc (start 1.27 0) (end -1.29 1.54483) (angle -148.9) (layer F.SilkS) (width 0.12))
    (fp_arc (start 1.27 0) (end -1.29 -1.54483) (angle 148.9) (layer F.SilkS) (width 0.12))
    (fp_arc (start 1.27 0) (end -1.23 -1.469694) (angle 299.1) (layer F.Fab) (width 0.1))
    (pad 2 thru_hole circle (at 2.54 0 270) (size 1.8 1.8) (drill 0.9) (layers *.Cu *.Mask)
      (net 2 "Net-(D1-Pad2)"))
    (pad 1 thru_hole rect (at 0 0 270) (size 1.8 1.8) (drill 0.9) (layers *.Cu *.Mask)
      (net 1 GND))
    (model ${KISYS3DMOD}/LED_THT.3dshapes/LED_D5.0mm.wrl
      (at (xyz 0 0 0))
      (scale (xyz 1 1 1))
      (rotate (xyz 0 0 0))
    )
  )

  (module switch:SW_TH_Tactile_Omron_B3F-10xx (layer F.Cu) (tedit 5D84F0EF) (tstamp 615A8242)
    (at 86.36 76.2 90)
    (descr SW_TH_Tactile_Omron_B3F-10xx_https://www.omron.com/ecb/products/pdf/en-b3f.pdf)
    (tags "Omron B3F-10xx")
    (path /615A9629)
    (fp_text reference SW1 (at 3.25 -2.05 90) (layer F.SilkS)
      (effects (font (size 1 1) (thickness 0.15)))
    )
    (fp_text value UP (at 3.2 6.5 90) (layer F.Fab)
      (effects (font (size 1 1) (thickness 0.15)))
    )
    (fp_line (start 0.25 -0.75) (end 0.25 5.25) (layer F.Fab) (width 0.1))
    (fp_line (start 6.25 -0.75) (end 6.25 5.25) (layer F.Fab) (width 0.1))
    (fp_line (start 0.25 -0.75) (end 6.25 -0.75) (layer F.Fab) (width 0.1))
    (fp_text user %R (at 3.25 2.25 90) (layer F.Fab)
      (effects (font (size 1 1) (thickness 0.15)))
    )
    (fp_line (start 7.6 5.6) (end 7.6 -1.1) (layer F.CrtYd) (width 0.05))
    (fp_line (start -1.1 5.6) (end 7.6 5.6) (layer F.CrtYd) (width 0.05))
    (fp_line (start -1.1 -1.1) (end -1.1 5.6) (layer F.CrtYd) (width 0.05))
    (fp_circle (center 3.25 2.25) (end 4.25 3.25) (layer F.SilkS) (width 0.12))
    (fp_line (start 0.28 5.37) (end 6.22 5.37) (layer F.SilkS) (width 0.12))
    (fp_line (start 0.28 -0.87) (end 6.22 -0.87) (layer F.SilkS) (width 0.12))
    (fp_line (start 0.13 3.59) (end 0.13 0.91) (layer F.SilkS) (width 0.12))
    (fp_line (start 6.37 0.91) (end 6.37 3.59) (layer F.SilkS) (width 0.12))
    (fp_line (start 0.25 5.25) (end 6.25 5.25) (layer F.Fab) (width 0.1))
    (fp_line (start -1.1 -1.1) (end 7.6 -1.1) (layer F.CrtYd) (width 0.05))
    (pad 4 thru_hole circle (at 6.5 4.5 90) (size 1.7 1.7) (drill 1) (layers *.Cu *.Mask))
    (pad 3 thru_hole circle (at 0 4.5 90) (size 1.7 1.7) (drill 1) (layers *.Cu *.Mask)
      (net 4 "Net-(J1-Pad2)"))
    (pad 2 thru_hole circle (at 6.5 0 90) (size 1.7 1.7) (drill 1) (layers *.Cu *.Mask))
    (pad 1 thru_hole circle (at 0 0 90) (size 1.7 1.7) (drill 1) (layers *.Cu *.Mask)
      (net 3 +5V))
    (model ${KISYS3DMOD}/Button_Switch_THT.3dshapes/SW_TH_Tactile_Omron_B3F-10xx.wrl
      (at (xyz 0 0 0))
      (scale (xyz 1 1 1))
      (rotate (xyz 0 0 0))
    )
  )

  (module switch:SW_TH_Tactile_Omron_B3F-10xx (layer F.Cu) (tedit 5D84F0EF) (tstamp 615A8258)
    (at 86.36 88.9 90)
    (descr SW_TH_Tactile_Omron_B3F-10xx_https://www.omron.com/ecb/products/pdf/en-b3f.pdf)
    (tags "Omron B3F-10xx")
    (path /615A9B42)
    (fp_text reference SW2 (at 3.25 -2.05 90) (layer F.SilkS)
      (effects (font (size 1 1) (thickness 0.15)))
    )
    (fp_text value DOWN (at 3.2 6.5 90) (layer F.Fab)
      (effects (font (size 1 1) (thickness 0.15)))
    )
    (fp_line (start -1.1 -1.1) (end 7.6 -1.1) (layer F.CrtYd) (width 0.05))
    (fp_line (start 0.25 5.25) (end 6.25 5.25) (layer F.Fab) (width 0.1))
    (fp_line (start 6.37 0.91) (end 6.37 3.59) (layer F.SilkS) (width 0.12))
    (fp_line (start 0.13 3.59) (end 0.13 0.91) (layer F.SilkS) (width 0.12))
    (fp_line (start 0.28 -0.87) (end 6.22 -0.87) (layer F.SilkS) (width 0.12))
    (fp_line (start 0.28 5.37) (end 6.22 5.37) (layer F.SilkS) (width 0.12))
    (fp_circle (center 3.25 2.25) (end 4.25 3.25) (layer F.SilkS) (width 0.12))
    (fp_line (start -1.1 -1.1) (end -1.1 5.6) (layer F.CrtYd) (width 0.05))
    (fp_line (start -1.1 5.6) (end 7.6 5.6) (layer F.CrtYd) (width 0.05))
    (fp_line (start 7.6 5.6) (end 7.6 -1.1) (layer F.CrtYd) (width 0.05))
    (fp_text user %R (at 3.25 2.25 90) (layer F.Fab)
      (effects (font (size 1 1) (thickness 0.15)))
    )
    (fp_line (start 0.25 -0.75) (end 6.25 -0.75) (layer F.Fab) (width 0.1))
    (fp_line (start 6.25 -0.75) (end 6.25 5.25) (layer F.Fab) (width 0.1))
    (fp_line (start 0.25 -0.75) (end 0.25 5.25) (layer F.Fab) (width 0.1))
    (pad 1 thru_hole circle (at 0 0 90) (size 1.7 1.7) (drill 1) (layers *.Cu *.Mask)
      (net 3 +5V))
    (pad 2 thru_hole circle (at 6.5 0 90) (size 1.7 1.7) (drill 1) (layers *.Cu *.Mask))
    (pad 3 thru_hole circle (at 0 4.5 90) (size 1.7 1.7) (drill 1) (layers *.Cu *.Mask)
      (net 5 "Net-(J1-Pad3)"))
    (pad 4 thru_hole circle (at 6.5 4.5 90) (size 1.7 1.7) (drill 1) (layers *.Cu *.Mask))
    (model ${KISYS3DMOD}/Button_Switch_THT.3dshapes/SW_TH_Tactile_Omron_B3F-10xx.wrl
      (at (xyz 0 0 0))
      (scale (xyz 1 1 1))
      (rotate (xyz 0 0 0))
    )
  )

  (module switch:SW_TH_Tactile_Omron_B3F-10xx (layer F.Cu) (tedit 5D84F0EF) (tstamp 615A883B)
    (at 76.78 82.7 90)
    (descr SW_TH_Tactile_Omron_B3F-10xx_https://www.omron.com/ecb/products/pdf/en-b3f.pdf)
    (tags "Omron B3F-10xx")
    (path /615A9FB0)
    (fp_text reference SW3 (at 3.25 -2.05 90) (layer F.SilkS)
      (effects (font (size 1 1) (thickness 0.15)))
    )
    (fp_text value LEFT (at 3.2 6.5 90) (layer F.Fab)
      (effects (font (size 1 1) (thickness 0.15)))
    )
    (fp_line (start -1.1 -1.1) (end 7.6 -1.1) (layer F.CrtYd) (width 0.05))
    (fp_line (start 0.25 5.25) (end 6.25 5.25) (layer F.Fab) (width 0.1))
    (fp_line (start 6.37 0.91) (end 6.37 3.59) (layer F.SilkS) (width 0.12))
    (fp_line (start 0.13 3.59) (end 0.13 0.91) (layer F.SilkS) (width 0.12))
    (fp_line (start 0.28 -0.87) (end 6.22 -0.87) (layer F.SilkS) (width 0.12))
    (fp_line (start 0.28 5.37) (end 6.22 5.37) (layer F.SilkS) (width 0.12))
    (fp_circle (center 3.25 2.25) (end 4.25 3.25) (layer F.SilkS) (width 0.12))
    (fp_line (start -1.1 -1.1) (end -1.1 5.6) (layer F.CrtYd) (width 0.05))
    (fp_line (start -1.1 5.6) (end 7.6 5.6) (layer F.CrtYd) (width 0.05))
    (fp_line (start 7.6 5.6) (end 7.6 -1.1) (layer F.CrtYd) (width 0.05))
    (fp_text user %R (at 3.25 2.25 90) (layer F.Fab)
      (effects (font (size 1 1) (thickness 0.15)))
    )
    (fp_line (start 0.25 -0.75) (end 6.25 -0.75) (layer F.Fab) (width 0.1))
    (fp_line (start 6.25 -0.75) (end 6.25 5.25) (layer F.Fab) (width 0.1))
    (fp_line (start 0.25 -0.75) (end 0.25 5.25) (layer F.Fab) (width 0.1))
    (pad 1 thru_hole circle (at 0 0 90) (size 1.7 1.7) (drill 1) (layers *.Cu *.Mask)
      (net 3 +5V))
    (pad 2 thru_hole circle (at 6.5 0 90) (size 1.7 1.7) (drill 1) (layers *.Cu *.Mask))
    (pad 3 thru_hole circle (at 0 4.5 90) (size 1.7 1.7) (drill 1) (layers *.Cu *.Mask)
      (net 6 "Net-(J1-Pad4)"))
    (pad 4 thru_hole circle (at 6.5 4.5 90) (size 1.7 1.7) (drill 1) (layers *.Cu *.Mask))
    (model ${KISYS3DMOD}/Button_Switch_THT.3dshapes/SW_TH_Tactile_Omron_B3F-10xx.wrl
      (at (xyz 0 0 0))
      (scale (xyz 1 1 1))
      (rotate (xyz 0 0 0))
    )
  )

  (module switch:SW_TH_Tactile_Omron_B3F-10xx (layer F.Cu) (tedit 5D84F0EF) (tstamp 615A8284)
    (at 96.52 82.7 90)
    (descr SW_TH_Tactile_Omron_B3F-10xx_https://www.omron.com/ecb/products/pdf/en-b3f.pdf)
    (tags "Omron B3F-10xx")
    (path /615AA694)
    (fp_text reference SW4 (at 3.25 -2.05 90) (layer F.SilkS)
      (effects (font (size 1 1) (thickness 0.15)))
    )
    (fp_text value RIGHT (at 3.2 6.5 90) (layer F.Fab)
      (effects (font (size 1 1) (thickness 0.15)))
    )
    (fp_line (start 0.25 -0.75) (end 0.25 5.25) (layer F.Fab) (width 0.1))
    (fp_line (start 6.25 -0.75) (end 6.25 5.25) (layer F.Fab) (width 0.1))
    (fp_line (start 0.25 -0.75) (end 6.25 -0.75) (layer F.Fab) (width 0.1))
    (fp_text user %R (at 3.25 2.25 90) (layer F.Fab)
      (effects (font (size 1 1) (thickness 0.15)))
    )
    (fp_line (start 7.6 5.6) (end 7.6 -1.1) (layer F.CrtYd) (width 0.05))
    (fp_line (start -1.1 5.6) (end 7.6 5.6) (layer F.CrtYd) (width 0.05))
    (fp_line (start -1.1 -1.1) (end -1.1 5.6) (layer F.CrtYd) (width 0.05))
    (fp_circle (center 3.25 2.25) (end 4.25 3.25) (layer F.SilkS) (width 0.12))
    (fp_line (start 0.28 5.37) (end 6.22 5.37) (layer F.SilkS) (width 0.12))
    (fp_line (start 0.28 -0.87) (end 6.22 -0.87) (layer F.SilkS) (width 0.12))
    (fp_line (start 0.13 3.59) (end 0.13 0.91) (layer F.SilkS) (width 0.12))
    (fp_line (start 6.37 0.91) (end 6.37 3.59) (layer F.SilkS) (width 0.12))
    (fp_line (start 0.25 5.25) (end 6.25 5.25) (layer F.Fab) (width 0.1))
    (fp_line (start -1.1 -1.1) (end 7.6 -1.1) (layer F.CrtYd) (width 0.05))
    (pad 4 thru_hole circle (at 6.5 4.5 90) (size 1.7 1.7) (drill 1) (layers *.Cu *.Mask))
    (pad 3 thru_hole circle (at 0 4.5 90) (size 1.7 1.7) (drill 1) (layers *.Cu *.Mask)
      (net 7 "Net-(J1-Pad5)"))
    (pad 2 thru_hole circle (at 6.5 0 90) (size 1.7 1.7) (drill 1) (layers *.Cu *.Mask))
    (pad 1 thru_hole circle (at 0 0 90) (size 1.7 1.7) (drill 1) (layers *.Cu *.Mask)
      (net 3 +5V))
    (model ${KISYS3DMOD}/Button_Switch_THT.3dshapes/SW_TH_Tactile_Omron_B3F-10xx.wrl
      (at (xyz 0 0 0))
      (scale (xyz 1 1 1))
      (rotate (xyz 0 0 0))
    )
  )

  (module switch:SW_TH_Tactile_Omron_B3F-10xx (layer F.Cu) (tedit 5D84F0EF) (tstamp 615A829A)
    (at 111.76 82.7 90)
    (descr SW_TH_Tactile_Omron_B3F-10xx_https://www.omron.com/ecb/products/pdf/en-b3f.pdf)
    (tags "Omron B3F-10xx")
    (path /615AABD4)
    (fp_text reference SW5 (at 3.25 -2.05 90) (layer F.SilkS)
      (effects (font (size 1 1) (thickness 0.15)))
    )
    (fp_text value A (at 3.2 6.5 90) (layer F.Fab)
      (effects (font (size 1 1) (thickness 0.15)))
    )
    (fp_line (start -1.1 -1.1) (end 7.6 -1.1) (layer F.CrtYd) (width 0.05))
    (fp_line (start 0.25 5.25) (end 6.25 5.25) (layer F.Fab) (width 0.1))
    (fp_line (start 6.37 0.91) (end 6.37 3.59) (layer F.SilkS) (width 0.12))
    (fp_line (start 0.13 3.59) (end 0.13 0.91) (layer F.SilkS) (width 0.12))
    (fp_line (start 0.28 -0.87) (end 6.22 -0.87) (layer F.SilkS) (width 0.12))
    (fp_line (start 0.28 5.37) (end 6.22 5.37) (layer F.SilkS) (width 0.12))
    (fp_circle (center 3.25 2.25) (end 4.25 3.25) (layer F.SilkS) (width 0.12))
    (fp_line (start -1.1 -1.1) (end -1.1 5.6) (layer F.CrtYd) (width 0.05))
    (fp_line (start -1.1 5.6) (end 7.6 5.6) (layer F.CrtYd) (width 0.05))
    (fp_line (start 7.6 5.6) (end 7.6 -1.1) (layer F.CrtYd) (width 0.05))
    (fp_text user %R (at 3.25 2.25 90) (layer F.Fab)
      (effects (font (size 1 1) (thickness 0.15)))
    )
    (fp_line (start 0.25 -0.75) (end 6.25 -0.75) (layer F.Fab) (width 0.1))
    (fp_line (start 6.25 -0.75) (end 6.25 5.25) (layer F.Fab) (width 0.1))
    (fp_line (start 0.25 -0.75) (end 0.25 5.25) (layer F.Fab) (width 0.1))
    (pad 1 thru_hole circle (at 0 0 90) (size 1.7 1.7) (drill 1) (layers *.Cu *.Mask)
      (net 3 +5V))
    (pad 2 thru_hole circle (at 6.5 0 90) (size 1.7 1.7) (drill 1) (layers *.Cu *.Mask))
    (pad 3 thru_hole circle (at 0 4.5 90) (size 1.7 1.7) (drill 1) (layers *.Cu *.Mask)
      (net 8 "Net-(J1-Pad6)"))
    (pad 4 thru_hole circle (at 6.5 4.5 90) (size 1.7 1.7) (drill 1) (layers *.Cu *.Mask))
    (model ${KISYS3DMOD}/Button_Switch_THT.3dshapes/SW_TH_Tactile_Omron_B3F-10xx.wrl
      (at (xyz 0 0 0))
      (scale (xyz 1 1 1))
      (rotate (xyz 0 0 0))
    )
  )

  (module switch:SW_TH_Tactile_Omron_B3F-10xx (layer F.Cu) (tedit 5D84F0EF) (tstamp 615A82B0)
    (at 127 82.7 90)
    (descr SW_TH_Tactile_Omron_B3F-10xx_https://www.omron.com/ecb/products/pdf/en-b3f.pdf)
    (tags "Omron B3F-10xx")
    (path /615AB121)
    (fp_text reference SW6 (at 3.25 -2.05 90) (layer F.SilkS)
      (effects (font (size 1 1) (thickness 0.15)))
    )
    (fp_text value B (at 3.2 6.5 90) (layer F.Fab)
      (effects (font (size 1 1) (thickness 0.15)))
    )
    (fp_line (start 0.25 -0.75) (end 0.25 5.25) (layer F.Fab) (width 0.1))
    (fp_line (start 6.25 -0.75) (end 6.25 5.25) (layer F.Fab) (width 0.1))
    (fp_line (start 0.25 -0.75) (end 6.25 -0.75) (layer F.Fab) (width 0.1))
    (fp_text user %R (at 3.25 2.25 90) (layer F.Fab)
      (effects (font (size 1 1) (thickness 0.15)))
    )
    (fp_line (start 7.6 5.6) (end 7.6 -1.1) (layer F.CrtYd) (width 0.05))
    (fp_line (start -1.1 5.6) (end 7.6 5.6) (layer F.CrtYd) (width 0.05))
    (fp_line (start -1.1 -1.1) (end -1.1 5.6) (layer F.CrtYd) (width 0.05))
    (fp_circle (center 3.25 2.25) (end 4.25 3.25) (layer F.SilkS) (width 0.12))
    (fp_line (start 0.28 5.37) (end 6.22 5.37) (layer F.SilkS) (width 0.12))
    (fp_line (start 0.28 -0.87) (end 6.22 -0.87) (layer F.SilkS) (width 0.12))
    (fp_line (start 0.13 3.59) (end 0.13 0.91) (layer F.SilkS) (width 0.12))
    (fp_line (start 6.37 0.91) (end 6.37 3.59) (layer F.SilkS) (width 0.12))
    (fp_line (start 0.25 5.25) (end 6.25 5.25) (layer F.Fab) (width 0.1))
    (fp_line (start -1.1 -1.1) (end 7.6 -1.1) (layer F.CrtYd) (width 0.05))
    (pad 4 thru_hole circle (at 6.5 4.5 90) (size 1.7 1.7) (drill 1) (layers *.Cu *.Mask))
    (pad 3 thru_hole circle (at 0 4.5 90) (size 1.7 1.7) (drill 1) (layers *.Cu *.Mask)
      (net 9 "Net-(J1-Pad7)"))
    (pad 2 thru_hole circle (at 6.5 0 90) (size 1.7 1.7) (drill 1) (layers *.Cu *.Mask))
    (pad 1 thru_hole circle (at 0 0 90) (size 1.7 1.7) (drill 1) (layers *.Cu *.Mask)
      (net 3 +5V))
    (model ${KISYS3DMOD}/Button_Switch_THT.3dshapes/SW_TH_Tactile_Omron_B3F-10xx.wrl
      (at (xyz 0 0 0))
      (scale (xyz 1 1 1))
      (rotate (xyz 0 0 0))
    )
  )

  (module switch:SW_TH_Tactile_Omron_B3F-10xx (layer F.Cu) (tedit 5D84F0EF) (tstamp 615A82C6)
    (at 142.24 82.7 90)
    (descr SW_TH_Tactile_Omron_B3F-10xx_https://www.omron.com/ecb/products/pdf/en-b3f.pdf)
    (tags "Omron B3F-10xx")
    (path /615AB5F9)
    (fp_text reference SW7 (at 3.25 -2.05 90) (layer F.SilkS)
      (effects (font (size 1 1) (thickness 0.15)))
    )
    (fp_text value C (at 3.2 6.5 90) (layer F.Fab)
      (effects (font (size 1 1) (thickness 0.15)))
    )
    (fp_line (start -1.1 -1.1) (end 7.6 -1.1) (layer F.CrtYd) (width 0.05))
    (fp_line (start 0.25 5.25) (end 6.25 5.25) (layer F.Fab) (width 0.1))
    (fp_line (start 6.37 0.91) (end 6.37 3.59) (layer F.SilkS) (width 0.12))
    (fp_line (start 0.13 3.59) (end 0.13 0.91) (layer F.SilkS) (width 0.12))
    (fp_line (start 0.28 -0.87) (end 6.22 -0.87) (layer F.SilkS) (width 0.12))
    (fp_line (start 0.28 5.37) (end 6.22 5.37) (layer F.SilkS) (width 0.12))
    (fp_circle (center 3.25 2.25) (end 4.25 3.25) (layer F.SilkS) (width 0.12))
    (fp_line (start -1.1 -1.1) (end -1.1 5.6) (layer F.CrtYd) (width 0.05))
    (fp_line (start -1.1 5.6) (end 7.6 5.6) (layer F.CrtYd) (width 0.05))
    (fp_line (start 7.6 5.6) (end 7.6 -1.1) (layer F.CrtYd) (width 0.05))
    (fp_text user %R (at 3.25 2.25 90) (layer F.Fab)
      (effects (font (size 1 1) (thickness 0.15)))
    )
    (fp_line (start 0.25 -0.75) (end 6.25 -0.75) (layer F.Fab) (width 0.1))
    (fp_line (start 6.25 -0.75) (end 6.25 5.25) (layer F.Fab) (width 0.1))
    (fp_line (start 0.25 -0.75) (end 0.25 5.25) (layer F.Fab) (width 0.1))
    (pad 1 thru_hole circle (at 0 0 90) (size 1.7 1.7) (drill 1) (layers *.Cu *.Mask)
      (net 3 +5V))
    (pad 2 thru_hole circle (at 6.5 0 90) (size 1.7 1.7) (drill 1) (layers *.Cu *.Mask))
    (pad 3 thru_hole circle (at 0 4.5 90) (size 1.7 1.7) (drill 1) (layers *.Cu *.Mask)
      (net 10 "Net-(J1-Pad8)"))
    (pad 4 thru_hole circle (at 6.5 4.5 90) (size 1.7 1.7) (drill 1) (layers *.Cu *.Mask))
    (model ${KISYS3DMOD}/Button_Switch_THT.3dshapes/SW_TH_Tactile_Omron_B3F-10xx.wrl
      (at (xyz 0 0 0))
      (scale (xyz 1 1 1))
      (rotate (xyz 0 0 0))
    )
  )

  (gr_text "v1.1\n© 2021 Daniel Picken\nhttps://github.com/dpicken/6502-hw" (at 147.955 71.12) (layer B.SilkS) (tstamp 615A8E5E)
    (effects (font (size 0.762 0.762) (thickness 0.127)) (justify left mirror))
  )
  (gr_line (start 149.86 91.44) (end 149.86 67.31) (layer Edge.Cuts) (width 0.05) (tstamp 6142B665))
  (gr_line (start 73.66 91.44) (end 149.86 91.44) (layer Edge.Cuts) (width 0.05))
  (gr_line (start 73.66 67.31) (end 73.66 91.44) (layer Edge.Cuts) (width 0.05))
  (gr_line (start 149.86 67.31) (end 73.66 67.31) (layer Edge.Cuts) (width 0.05) (tstamp 6142B92A))

  (segment (start 106.944999 73.289999) (end 106.045 72.39) (width 0.1524) (layer F.Cu) (net 2))
  (segment (start 110.933601 77.278601) (end 106.944999 73.289999) (width 0.1524) (layer F.Cu) (net 2))
  (segment (start 142.914931 77.278601) (end 110.933601 77.278601) (width 0.1524) (layer F.Cu) (net 2))
  (segment (start 147.818601 82.182271) (end 142.914931 77.278601) (width 0.1524) (layer F.Cu) (net 2))
  (segment (start 118.50697 84.69303) (end 146.3433 84.69303) (width 0.1524) (layer F.Cu) (net 2))
  (segment (start 147.818601 83.217729) (end 147.818601 82.182271) (width 0.1524) (layer F.Cu) (net 2))
  (segment (start 146.3433 84.69303) (end 147.818601 83.217729) (width 0.1524) (layer F.Cu) (net 2))
  (segment (start 116.84 86.36) (end 118.50697 84.69303) (width 0.1524) (layer F.Cu) (net 2))
  (segment (start 96.52 86.36) (end 96.52 82.7) (width 0.4572) (layer B.Cu) (net 3))
  (segment (start 110.910001 81.850001) (end 111.76 82.7) (width 0.4572) (layer B.Cu) (net 3))
  (segment (start 110.528999 81.468999) (end 110.910001 81.850001) (width 0.4572) (layer B.Cu) (net 3))
  (segment (start 97.751001 81.468999) (end 110.528999 81.468999) (width 0.4572) (layer B.Cu) (net 3))
  (segment (start 96.52 82.7) (end 97.751001 81.468999) (width 0.4572) (layer B.Cu) (net 3))
  (segment (start 126.150001 81.850001) (end 127 82.7) (width 0.4572) (layer B.Cu) (net 3))
  (segment (start 125.768999 81.468999) (end 126.150001 81.850001) (width 0.4572) (layer B.Cu) (net 3))
  (segment (start 112.991001 81.468999) (end 125.768999 81.468999) (width 0.4572) (layer B.Cu) (net 3))
  (segment (start 111.76 82.7) (end 112.991001 81.468999) (width 0.4572) (layer B.Cu) (net 3))
  (segment (start 141.390001 81.850001) (end 142.24 82.7) (width 0.4572) (layer B.Cu) (net 3))
  (segment (start 141.008999 81.468999) (end 141.390001 81.850001) (width 0.4572) (layer B.Cu) (net 3))
  (segment (start 128.231001 81.468999) (end 141.008999 81.468999) (width 0.4572) (layer B.Cu) (net 3))
  (segment (start 127 82.7) (end 128.231001 81.468999) (width 0.4572) (layer B.Cu) (net 3))
  (segment (start 88.9 86.36) (end 96.52 86.36) (width 0.4572) (layer B.Cu) (net 3))
  (segment (start 86.36 88.9) (end 88.9 86.36) (width 0.4572) (layer B.Cu) (net 3))
  (segment (start 82.98 88.9) (end 86.36 88.9) (width 0.4572) (layer B.Cu) (net 3))
  (segment (start 76.78 82.7) (end 82.98 88.9) (width 0.4572) (layer B.Cu) (net 3))
  (segment (start 88.9 78.74) (end 88.9 86.36) (width 0.4572) (layer B.Cu) (net 3))
  (segment (start 86.36 76.2) (end 88.9 78.74) (width 0.4572) (layer B.Cu) (net 3))
  (segment (start 104.610001 88.735001) (end 105.41 89.535) (width 0.1524) (layer F.Cu) (net 4))
  (segment (start 104.381399 88.506399) (end 104.610001 88.735001) (width 0.1524) (layer F.Cu) (net 4))
  (segment (start 101.206399 88.506399) (end 104.381399 88.506399) (width 0.1524) (layer F.Cu) (net 4))
  (segment (start 99.06 86.36) (end 101.206399 88.506399) (width 0.1524) (layer F.Cu) (net 4))
  (segment (start 90.010001 77.049999) (end 90.86 76.2) (width 0.1524) (layer F.Cu) (net 4))
  (segment (start 89.781399 77.278601) (end 90.010001 77.049999) (width 0.1524) (layer F.Cu) (net 4))
  (segment (start 89.781399 89.417729) (end 89.781399 77.278601) (width 0.1524) (layer F.Cu) (net 4))
  (segment (start 90.342271 89.978601) (end 89.781399 89.417729) (width 0.1524) (layer F.Cu) (net 4))
  (segment (start 91.377729 89.978601) (end 90.342271 89.978601) (width 0.1524) (layer F.Cu) (net 4))
  (segment (start 91.69433 89.662) (end 91.377729 89.978601) (width 0.1524) (layer F.Cu) (net 4))
  (segment (start 95.758 89.662) (end 91.69433 89.662) (width 0.1524) (layer F.Cu) (net 4))
  (segment (start 99.06 86.36) (end 95.758 89.662) (width 0.1524) (layer F.Cu) (net 4))
  (segment (start 107.150001 88.735001) (end 107.95 89.535) (width 0.1524) (layer F.Cu) (net 5))
  (segment (start 106.616589 88.201589) (end 107.150001 88.735001) (width 0.1524) (layer F.Cu) (net 5))
  (segment (start 103.441589 88.201589) (end 106.616589 88.201589) (width 0.1524) (layer F.Cu) (net 5))
  (segment (start 101.6 86.36) (end 103.441589 88.201589) (width 0.1524) (layer F.Cu) (net 5))
  (segment (start 94.924 84.836) (end 91.709999 88.050001) (width 0.1524) (layer F.Cu) (net 5))
  (segment (start 100.076 84.836) (end 94.924 84.836) (width 0.1524) (layer F.Cu) (net 5))
  (segment (start 91.709999 88.050001) (end 90.86 88.9) (width 0.1524) (layer F.Cu) (net 5))
  (segment (start 101.6 86.36) (end 100.076 84.836) (width 0.1524) (layer F.Cu) (net 5))
  (segment (start 109.690001 88.735001) (end 110.49 89.535) (width 0.1524) (layer F.Cu) (net 6))
  (segment (start 108.623935 88.735001) (end 109.690001 88.735001) (width 0.1524) (layer F.Cu) (net 6))
  (segment (start 107.785713 87.896779) (end 108.623935 88.735001) (width 0.1524) (layer F.Cu) (net 6))
  (segment (start 105.676779 87.896779) (end 107.785713 87.896779) (width 0.1524) (layer F.Cu) (net 6))
  (segment (start 104.14 86.36) (end 105.676779 87.896779) (width 0.1524) (layer F.Cu) (net 6))
  (segment (start 103.290001 85.510001) (end 104.14 86.36) (width 0.1524) (layer F.Cu) (net 6))
  (segment (start 102.87 85.09) (end 103.290001 85.510001) (width 0.1524) (layer F.Cu) (net 6))
  (segment (start 101.34633 85.09) (end 102.87 85.09) (width 0.1524) (layer F.Cu) (net 6))
  (segment (start 91.377729 75.121399) (end 101.34633 85.09) (width 0.1524) (layer F.Cu) (net 6))
  (segment (start 85.842271 75.121399) (end 91.377729 75.121399) (width 0.1524) (layer F.Cu) (net 6))
  (segment (start 81.28 79.68367) (end 85.842271 75.121399) (width 0.1524) (layer F.Cu) (net 6))
  (segment (start 81.28 82.7) (end 81.28 79.68367) (width 0.1524) (layer F.Cu) (net 6))
  (segment (start 108.673031 88.353031) (end 106.68 86.36) (width 0.1524) (layer F.Cu) (net 7))
  (segment (start 113.03 89.535) (end 111.848031 88.353031) (width 0.1524) (layer F.Cu) (net 7))
  (segment (start 111.848031 88.353031) (end 108.673031 88.353031) (width 0.1524) (layer F.Cu) (net 7))
  (segment (start 105.10519 84.78519) (end 106.68 86.36) (width 0.1524) (layer F.Cu) (net 7))
  (segment (start 101.903109 84.78519) (end 105.10519 84.78519) (width 0.1524) (layer F.Cu) (net 7))
  (segment (start 101.02 82.7) (end 101.02 83.902081) (width 0.1524) (layer F.Cu) (net 7))
  (segment (start 101.02 83.902081) (end 101.903109 84.78519) (width 0.1524) (layer F.Cu) (net 7))
  (segment (start 110.069999 87.209999) (end 109.22 86.36) (width 0.1524) (layer F.Cu) (net 8))
  (segment (start 110.908221 88.048221) (end 110.069999 87.209999) (width 0.1524) (layer F.Cu) (net 8))
  (segment (start 114.083221 88.048221) (end 110.908221 88.048221) (width 0.1524) (layer F.Cu) (net 8))
  (segment (start 115.57 89.535) (end 114.083221 88.048221) (width 0.1524) (layer F.Cu) (net 8))
  (segment (start 115.181399 83.778601) (end 115.410001 83.549999) (width 0.1524) (layer F.Cu) (net 8))
  (segment (start 115.410001 83.549999) (end 116.26 82.7) (width 0.1524) (layer F.Cu) (net 8))
  (segment (start 111.801399 83.778601) (end 115.181399 83.778601) (width 0.1524) (layer F.Cu) (net 8))
  (segment (start 109.22 86.36) (end 111.801399 83.778601) (width 0.1524) (layer F.Cu) (net 8))
  (segment (start 112.609999 87.209999) (end 111.76 86.36) (width 0.1524) (layer F.Cu) (net 9))
  (segment (start 113.143411 87.743411) (end 112.609999 87.209999) (width 0.1524) (layer F.Cu) (net 9))
  (segment (start 116.318411 87.743411) (end 113.143411 87.743411) (width 0.1524) (layer F.Cu) (net 9))
  (segment (start 118.11 89.535) (end 116.318411 87.743411) (width 0.1524) (layer F.Cu) (net 9))
  (segment (start 130.650001 83.549999) (end 131.5 82.7) (width 0.1524) (layer F.Cu) (net 9))
  (segment (start 130.116589 84.083411) (end 130.650001 83.549999) (width 0.1524) (layer F.Cu) (net 9))
  (segment (start 114.036589 84.083411) (end 130.116589 84.083411) (width 0.1524) (layer F.Cu) (net 9))
  (segment (start 111.76 86.36) (end 114.036589 84.083411) (width 0.1524) (layer F.Cu) (net 9))
  (segment (start 115.149999 87.209999) (end 114.3 86.36) (width 0.1524) (layer F.Cu) (net 10))
  (segment (start 115.378601 87.438601) (end 115.149999 87.209999) (width 0.1524) (layer F.Cu) (net 10))
  (segment (start 118.553601 87.438601) (end 115.378601 87.438601) (width 0.1524) (layer F.Cu) (net 10))
  (segment (start 120.65 89.535) (end 118.553601 87.438601) (width 0.1524) (layer F.Cu) (net 10))
  (segment (start 145.890001 83.549999) (end 146.74 82.7) (width 0.1524) (layer F.Cu) (net 10))
  (segment (start 145.051779 84.388221) (end 145.890001 83.549999) (width 0.1524) (layer F.Cu) (net 10))
  (segment (start 116.271779 84.388221) (end 145.051779 84.388221) (width 0.1524) (layer F.Cu) (net 10))
  (segment (start 114.3 86.36) (end 116.271779 84.388221) (width 0.1524) (layer F.Cu) (net 10))

  (zone (net 1) (net_name GND) (layer B.Cu) (tstamp 6142B908) (hatch edge 0.508)
    (connect_pads (clearance 0.508))
    (min_thickness 0.254)
    (fill yes (arc_segments 32) (thermal_gap 0.508) (thermal_bridge_width 0.508))
    (polygon
      (pts
        (xy 73.66 67.31) (xy 73.66 91.44) (xy 149.86 91.44) (xy 149.86 67.31)
      )
    )
    (filled_polygon
      (pts
        (xy 149.2 90.78) (xy 121.364914 90.78) (xy 121.451101 90.733932) (xy 121.669608 90.554608) (xy 121.848932 90.336101)
        (xy 121.982182 90.086808) (xy 122.064236 89.816309) (xy 122.091943 89.535) (xy 122.064236 89.253691) (xy 121.982182 88.983192)
        (xy 121.848932 88.733899) (xy 121.669608 88.515392) (xy 121.451101 88.336068) (xy 121.201808 88.202818) (xy 120.931309 88.120764)
        (xy 120.720492 88.1) (xy 120.579508 88.1) (xy 120.368691 88.120764) (xy 120.098192 88.202818) (xy 119.848899 88.336068)
        (xy 119.630392 88.515392) (xy 119.451068 88.733899) (xy 119.38 88.866858) (xy 119.308932 88.733899) (xy 119.129608 88.515392)
        (xy 118.911101 88.336068) (xy 118.661808 88.202818) (xy 118.391309 88.120764) (xy 118.180492 88.1) (xy 118.039508 88.1)
        (xy 117.828691 88.120764) (xy 117.558192 88.202818) (xy 117.308899 88.336068) (xy 117.090392 88.515392) (xy 116.911068 88.733899)
        (xy 116.84 88.866858) (xy 116.768932 88.733899) (xy 116.589608 88.515392) (xy 116.371101 88.336068) (xy 116.121808 88.202818)
        (xy 115.851309 88.120764) (xy 115.640492 88.1) (xy 115.499508 88.1) (xy 115.288691 88.120764) (xy 115.018192 88.202818)
        (xy 114.768899 88.336068) (xy 114.550392 88.515392) (xy 114.371068 88.733899) (xy 114.3 88.866858) (xy 114.228932 88.733899)
        (xy 114.049608 88.515392) (xy 113.831101 88.336068) (xy 113.581808 88.202818) (xy 113.311309 88.120764) (xy 113.100492 88.1)
        (xy 112.959508 88.1) (xy 112.748691 88.120764) (xy 112.478192 88.202818) (xy 112.228899 88.336068) (xy 112.010392 88.515392)
        (xy 111.831068 88.733899) (xy 111.76 88.866858) (xy 111.688932 88.733899) (xy 111.509608 88.515392) (xy 111.291101 88.336068)
        (xy 111.041808 88.202818) (xy 110.771309 88.120764) (xy 110.560492 88.1) (xy 110.419508 88.1) (xy 110.208691 88.120764)
        (xy 109.938192 88.202818) (xy 109.688899 88.336068) (xy 109.470392 88.515392) (xy 109.291068 88.733899) (xy 109.22 88.866858)
        (xy 109.148932 88.733899) (xy 108.969608 88.515392) (xy 108.751101 88.336068) (xy 108.501808 88.202818) (xy 108.231309 88.120764)
        (xy 108.020492 88.1) (xy 107.879508 88.1) (xy 107.668691 88.120764) (xy 107.398192 88.202818) (xy 107.148899 88.336068)
        (xy 106.930392 88.515392) (xy 106.751068 88.733899) (xy 106.68 88.866858) (xy 106.608932 88.733899) (xy 106.429608 88.515392)
        (xy 106.211101 88.336068) (xy 105.961808 88.202818) (xy 105.691309 88.120764) (xy 105.480492 88.1) (xy 105.339508 88.1)
        (xy 105.128691 88.120764) (xy 104.858192 88.202818) (xy 104.608899 88.336068) (xy 104.390392 88.515392) (xy 104.297581 88.628482)
        (xy 104.295812 88.610518) (xy 104.259502 88.49082) (xy 104.200537 88.380506) (xy 104.121185 88.283815) (xy 104.024494 88.204463)
        (xy 103.91418 88.145498) (xy 103.794482 88.109188) (xy 103.67 88.096928) (xy 103.15575 88.1) (xy 102.997 88.25875)
        (xy 102.997 89.408) (xy 103.017 89.408) (xy 103.017 89.662) (xy 102.997 89.662) (xy 102.997 89.682)
        (xy 102.743 89.682) (xy 102.743 89.662) (xy 101.59375 89.662) (xy 101.435 89.82075) (xy 101.431928 90.335)
        (xy 101.444188 90.459482) (xy 101.480498 90.57918) (xy 101.539463 90.689494) (xy 101.613739 90.78) (xy 74.32 90.78)
        (xy 74.32 82.55374) (xy 75.295 82.55374) (xy 75.295 82.84626) (xy 75.352068 83.133158) (xy 75.46401 83.403411)
        (xy 75.626525 83.646632) (xy 75.833368 83.853475) (xy 76.076589 84.01599) (xy 76.346842 84.127932) (xy 76.63374 84.185)
        (xy 76.92626 84.185) (xy 77.024204 84.165518) (xy 82.339345 89.48066) (xy 82.366388 89.513612) (xy 82.497888 89.621531)
        (xy 82.647916 89.701722) (xy 82.810705 89.751104) (xy 82.979999 89.767778) (xy 83.022419 89.7636) (xy 85.151045 89.7636)
        (xy 85.206525 89.846632) (xy 85.413368 90.053475) (xy 85.656589 90.21599) (xy 85.926842 90.327932) (xy 86.21374 90.385)
        (xy 86.50626 90.385) (xy 86.793158 90.327932) (xy 87.063411 90.21599) (xy 87.306632 90.053475) (xy 87.513475 89.846632)
